HOST,PUBLISHER_APP_INITIALIZATION,SUBSCRIBER_APP_INITIALIZATION_START,SUBSCRIBER_APP_INITIALIZATION_END,GENERATE_OFFER_NONCE_START,GENERATE_OFFER_NONCE_END,FIND_SEND,FIND_RECEIVE,OFFER_SEND,OFFER_RECEIVE,SVCB_SERVICE_REQUEST_SEND,SVCB_SERVICE_REQUEST_RECEIVE,SVCB_SERVICE_RESPONSE_SEND,SVCB_SERVICE_RESPONSE_RECEIVE,VALIDATE_OFFER_START,VALIDATE_OFFER_END,CLIENT_SIGN_START,CLIENT_SIGN_END,SUBSCRIBE_SEND,SUBSCRIBE_RECEIVE,SVCB_CLIENT_REQUEST_SEND,SVCB_CLIENT_REQUEST_RECEIVE,SVCB_CLIENT_RESPONSE_SEND,SVCB_CLIENT_RESPONSE_RECEIVE,TLSA_CLIENT_REQUEST_SEND,TLSA_CLIENT_REQUEST_RECEIVE,TLSA_CLIENT_RESPONSE_SEND,TLSA_CLIENT_RESPONSE_RECEIVE,VERIFY_CLIENT_SIGNATURE_START,VERIFY_CLIENT_SIGNATURE_END,SERVICE_SIGN_START,SERVICE_SIGN_END,SUBSCRIBE_ACK_SEND,SUBSCRIBE_ACK_RECEIVE,TLSA_SERVICE_REQUEST_SEND,TLSA_SERVICE_REQUEST_RECEIVE,TLSA_SERVICE_RESPONSE_SEND,TLSA_SERVICE_RESPONSE_RECEIVE,VERIFY_SERVICE_SIGNATURE_START,VERIFY_SERVICE_SIGNATURE_END
167772162,0,1707542251576324917,1707542251577756358,0,0,1707542251634403438,0,0,1707542251644013826,1707542251580111876,0,0,1707542251582719646,1707542251582751162,1707542251644025544,1707542251647774796,1707542251649782429,1707542251649791294,1707542251667989631,1707542251668019459,0,0,1707542251669153963,1707542251669176851,0,0,1707542251670302304,1707542251670685697,1707542251670898580,1707542251671423601,1707542251673601598,1707542251673603656,1707542251678411730,1707542251582754924,0,0,1707542251583340191,1707542251584619735,1707542251678660566
167772163,0,1707542251577598641,1707542251578828962,0,0,1707542251642858460,0,0,1707542251645260630,1707542251582473917,0,0,1707542251583640060,1707542251583663181,1707542251645286647,1707542251652055274,1707542251655221363,1707542251655231693,1707542251728198277,1707542251728214300,0,0,1707542251729970159,1707542251729990342,0,0,1707542251734965268,1707542251735104782,1707542251735444090,1707542251736997135,1707542251740307998,1707542251740310023,1707542251743662991,1707542251583666319,0,0,1707542251583881065,1707542251584781263,1707542251745777306
167772164,0,1707542251577598468,1707542251578790665,0,0,1707542251607900104,0,0,1707542251608560639,1707542251581496999,0,0,1707542251581767503,1707542251581810936,1707542251608579931,1707542251611841307,1707542251614252962,1707542251614263163,1707542251616405974,1707542251616420808,0,0,1707542251616541387,1707542251616556041,0,0,1707542251617158054,1707542251617587451,1707542251617867666,1707542251619316110,1707542251621711279,1707542251621713537,1707542251621837326,1707542251581815262,0,0,1707542251582472137,1707542251583998363,1707542251622248223
167772165,0,1707542251577598425,1707542251578852772,0,0,1707542251593101413,0,0,1707542251595230937,1707542251582879142,0,0,1707542251583931425,1707542251583953421,1707542251595266129,1707542251598572247,1707542251601062946,1707542251601073129,1707542251601256597,1707542251601288568,0,0,1707542251602515414,1707542251602545131,0,0,1707542251603202601,1707542251604643457,1707542251605165948,1707542251605308176,1707542251607844510,1707542251607847369,1707542251608042792,1707542251583956802,0,0,1707542251584303446,1707542251585559384,1707542251608756942
167772166,0,1707542251577814608,1707542251591956577,0,0,1707542251635610416,0,0,1707542251645001517,1707542251595254671,0,0,1707542251600297906,1707542251600316968,1707542251645024708,1707542251651565650,1707542251655305267,1707542251655319292,1707542251739383350,1707542251739404205,0,0,1707542251740345141,1707542251740359103,0,0,1707542251740511792,1707542251740688591,1707542251741394268,1707542251742188158,1707542251743632258,1707542251743633664,1707542251750830289,1707542251600320067,0,0,1707542251602477769,1707542251603900179,1707542251751041243
167772167,0,1707542251577598528,1707542251578829087,0,0,1707542251625951179,0,0,1707542251643458179,1707542251581519245,0,0,1707542251581950212,1707542251581971001,1707542251643484536,1707542251649382065,1707542251650569469,1707542251650581348,1707542251673653239,1707542251673669245,0,0,1707542251673834406,1707542251673849261,0,0,1707542251674010493,1707542251675469372,1707542251675720071,1707542251675806407,1707542251677074449,1707542251677076079,1707542251682093352,1707542251581974162,0,0,1707542251583434591,1707542251584417550,1707542251682385021
167772168,0,1707542251577598224,1707542251578790509,0,0,1707542251627914932,0,0,1707542251645367679,1707542251579720390,0,0,1707542251580917880,1707542251580962422,1707542251645391922,1707542251654150794,1707542251656934564,1707542251656944858,1707542251743678582,1707542251743689761,0,0,1707542251745153490,1707542251745173677,0,0,1707542251747465653,1707542251748357327,1707542251748611329,1707542251748962909,1707542251751285458,1707542251751286647,1707542251754835387,1707542251580969092,0,0,1707542251581484364,1707542251583203096,1707542251755110295
167772169,0,1707542251578244521,1707542251591584526,0,0,1707542251636973952,0,0,1707542251644513565,1707542251592467414,0,0,1707542251593654177,1707542251593698232,1707542251644527928,1707542251647717902,1707542251650357900,1707542251650365712,1707542251672500953,1707542251672520597,0,0,1707542251672661415,1707542251672676921,0,0,1707542251672949991,1707542251673105062,1707542251673358215,1707542251673732218,1707542251675438790,1707542251675440966,1707542251678814236,1707542251593704800,0,0,1707542251594256106,1707542251595984802,1707542251679908321
167772170,0,1707542251583293861,1707542251601213822,0,0,1707542251676556768,0,0,1707542251743651807,1707542251602789895,0,0,1707542251604106108,1707542251604139134,1707542251744418608,1707542251747830562,1707542251751227698,1707542251751234259,1707542251769393859,1707542251769403541,0,0,1707542251769498257,1707542251769506762,0,0,1707542251769678584,1707542251769828089,1707542251770325917,1707542251771515311,1707542251773673605,1707542251773675208,1707542251774963689,1707542251604144834,0,0,1707542251607484566,1707542251608752626,1707542251775144800
167772171,0,1707542251584049622,1707542251605062343,0,0,1707542251636591154,0,0,1707542251644139941,1707542251606932909,0,0,1707542251608525248,1707542251608538766,1707542251644157250,1707542251647357882,1707542251649640733,1707542251649647893,1707542251660942478,1707542251660959185,0,0,1707542251661082676,1707542251661099969,0,0,1707542251661604129,1707542251662144224,1707542251663280349,1707542251663381039,1707542251664682680,1707542251664684846,1707542251670359924,1707542251608541231,0,0,1707542251611909074,1707542251613439396,1707542251670673910
167772172,0,1707542251582086907,1707542251594942013,0,0,1707542251606697437,0,0,1707542251608060607,1707542251596158925,0,0,1707542251600176644,1707542251600199732,1707542251608081252,1707542251611687899,1707542251613106021,1707542251613120620,1707542251613320160,1707542251613349868,0,0,1707542251614637131,1707542251614660704,0,0,1707542251615362884,1707542251615577872,1707542251616006840,1707542251616174449,1707542251619201465,1707542251619209431,1707542251619383521,1707542251600203482,0,0,1707542251601388650,1707542251602699735,1707542251619680862
167772173,0,1707542251583126944,1707542251605062441,0,0,1707542251616826371,0,0,1707542251619590297,1707542251607498525,0,0,1707542251614827649,1707542251614854262,1707542251619603902,1707542251623679885,1707542251626073475,1707542251626081475,1707542251630931884,1707542251630952094,0,0,1707542251631409195,1707542251631428984,0,0,1707542251635500836,1707542251637448459,1707542251637803129,1707542251637932217,1707542251640519310,1707542251640522088,1707542251643219469,1707542251614858298,0,0,1707542251616340741,1707542251617599825,1707542251643623213
167772174,0,1707542251582440015,1707542251599548869,0,0,1707542251614033439,0,0,1707542251616456126,1707542251602435530,0,0,1707542251603018391,1707542251603071645,1707542251616474083,1707542251619968799,1707542251621069911,1707542251621078279,1707542251621275488,1707542251621297315,0,0,1707542251621821209,1707542251621837686,0,0,1707542251622145163,1707542251622243600,1707542251622412492,1707542251622440785,1707542251623482230,1707542251623483823,1707542251623608198,1707542251603076631,0,0,1707542251605970056,1707542251607343007,1707542251623904536
167772175,0,1707542251583127009,1707542251600182418,0,0,1707542251635460819,0,0,1707542251644007499,1707542251601505659,0,0,1707542251604479839,1707542251604498135,1707542251644022882,1707542251647266853,1707542251649781767,1707542251649789664,1707542251663446805,1707542251663464611,0,0,1707542251663651372,1707542251663668146,0,0,1707542251663945136,1707542251664123463,1707542251664481121,1707542251664775255,1707542251666007108,1707542251666009331,1707542251671433472,1707542251604501399,0,0,1707542251606733517,1707542251608097505,1707542251671792437
167772176,0,1707542251586366396,1707542251605130354,0,0,1707542251618357049,0,0,1707542251619718365,1707542251605864430,0,0,1707542251608784611,1707542251608803838,1707542251619730637,1707542251622864454,1707542251624146931,1707542251624151845,1707542251624998645,1707542251625015781,0,0,1707542251626864755,1707542251626885003,0,0,1707542251628255415,1707542251628435887,1707542251628695138,1707542251628757101,1707542251629958813,1707542251629961484,1707542251641461721,1707542251608806983,0,0,1707542251618076214,1707542251619147435,1707542251641880523
167772177,0,1707542251586366318,1707542251606067233,0,0,1707542251639580401,0,0,1707542251645213600,1707542251615265154,0,0,1707542251616378892,1707542251616397172,1707542251645234924,1707542251653171812,1707542251654388914,1707542251654396621,1707542251742202786,1707542251742219144,0,0,1707542251742391590,1707542251742417158,0,0,1707542251742830047,1707542251743005831,1707542251743437918,1707542251743685573,1707542251748846608,1707542251748849068,1707542251751988110,1707542251616400575,0,0,1707542251616836720,1707542251618335769,1707542251752419469
167772178,0,1707542251590034621,1707542251609307096,0,0,1707542251706588162,0,0,1707542251778075974,1707542251610456874,0,0,1707542251611387927,1707542251611430860,1707542251778087085,1707542251781196104,1707542251782145929,1707542251782149540,1707542251796413135,1707542251796430364,0,0,1707542251796792355,1707542251796811097,0,0,1707542251797032398,1707542251797200944,1707542251797508072,1707542251798666534,1707542251800949489,1707542251800951467,1707542251804328767,1707542251611435618,0,0,1707542251616641706,1707542251617832710,1707542251804662925
167772179,0,1707542251588950295,1707542251607559227,0,0,1707542251685950246,0,0,1707542251757529894,1707542251609088037,0,0,1707542251616269442,1707542251616287292,1707542251757551658,1707542251760656123,1707542251761802508,1707542251761806411,1707542251779288660,1707542251779299454,0,0,1707542251779425438,1707542251779439301,0,0,1707542251779667915,1707542251779802968,1707542251780009864,1707542251781343176,1707542251782271644,1707542251782273273,1707542251785535540,1707542251616289710,0,0,1707542251616913320,1707542251618392392,1707542251785793525
167772180,0,1707542251590938758,1707542251591954857,0,0,1707542251689653889,0,0,1707542251763535803,1707542251593154066,0,0,1707542251600033313,1707542251600053736,1707542251763546418,1707542251766650182,1707542251767725774,1707542251767729011,1707542251787192909,1707542251787202865,0,0,1707542251787310918,1707542251787324217,0,0,1707542251787505032,1707542251787642249,1707542251787821019,1707542251788336740,1707542251789143084,1707542251789143681,1707542251790481262,1707542251600057104,0,0,1707542251603202460,1707542251604635095,1707542251790653965
167772181,0,1707542251589175802,1707542251608380511,0,0,1707542251646085409,0,0,1707542251647086555,1707542251610159132,0,0,1707542251616393759,1707542251616409644,1707542251647104273,1707542251650263973,1707542251652685207,1707542251652693740,1707542251716671038,1707542251716697978,0,0,1707542251717092879,1707542251717114010,0,0,1707542251717956265,1707542251720050594,1707542251720396675,1707542251721403398,1707542251723767121,1707542251723769565,1707542251736248914,1707542251616411916,0,0,1707542251618373853,1707542251619939621,1707542251736635895
167772182,0,1707542251591011669,1707542251592671705,0,0,1707542251653537975,0,0,1707542251667632573,1707542251593296589,0,0,1707542251594732749,1707542251594765831,1707542251667649671,1707542251671314360,1707542251673704788,1707542251673714523,1707542251753562903,1707542251753576995,0,0,1707542251753730469,1707542251753746358,0,0,1707542251753992574,1707542251754157647,1707542251754505289,1707542251755011924,1707542251755955215,1707542251755956068,1707542251757562649,1707542251594771157,0,0,1707542251599722933,1707542251601133683,1707542251758254360
167772183,0,1707542251590111261,1707542251609221509,0,0,1707542251679044022,0,0,1707542251748735673,1707542251609783390,0,0,1707542251612175525,1707542251614970998,1707542251748751533,1707542251751873529,1707542251753068898,1707542251753075854,1707542251771508595,1707542251771518023,0,0,1707542251771678659,1707542251771688925,0,0,1707542251771792044,1707542251771909583,1707542251772651490,1707542251773716903,1707542251774505374,1707542251774506333,1707542251776718166,1707542251614981597,0,0,1707542251617889805,1707542251619399834,1707542251777056908
167772184,0,1707542251592522807,1707542251593528494,0,0,1707542251625472678,0,0,1707542251643174922,1707542251594377823,0,0,1707542251595646300,1707542251595665923,1707542251643194531,1707542251647796121,1707542251648856934,1707542251648864386,1707542251650813056,1707542251650832149,0,0,1707542251653329199,1707542251653351984,0,0,1707542251658951656,1707542251659249322,1707542251659597794,1707542251659701228,1707542251662450153,1707542251662452662,1707542251666303668,1707542251595670055,0,0,1707542251601009680,1707542251602388136,1707542251666615228
167772185,0,1707542251591821200,1707542251592854740,0,0,1707542251656158156,0,0,1707542251676316493,1707542251597129029,0,0,1707542251599125508,1707542251599153589,1707542251676335595,1707542251680128088,1707542251683489363,1707542251683498637,1707542251757884016,1707542251757895799,0,0,1707542251758105989,1707542251758121692,0,0,1707542251758396236,1707542251758547641,1707542251758887838,1707542251759288518,1707542251760614346,1707542251760616226,1707542251761958066,1707542251599158266,0,0,1707542251601814222,1707542251603850462,1707542251762195568
167772186,0,1707542251591430087,1707542251597449779,0,0,1707542251689288416,0,0,1707542251762463145,1707542251599028237,0,0,1707542251603464731,1707542251603485702,1707542251762472935,1707542251765660422,1707542251766812945,1707542251766819927,1707542251784624885,1707542251784637156,0,0,1707542251784782662,1707542251784798409,0,0,1707542251784994812,1707542251785140406,1707542251785406687,1707542251785754887,1707542251786916683,1707542251786918296,1707542251787909477,1707542251603489874,0,0,1707542251607077908,1707542251608520984,1707542251788188038
167772187,0,1707542251591572139,1707542251592479655,0,0,1707542251683841824,0,0,1707542251755897968,1707542251599140809,0,0,1707542251601355717,1707542251601377697,1707542251755912807,1707542251759055576,1707542251760850787,1707542251760855110,1707542251778277537,1707542251778286764,0,0,1707542251778383339,1707542251778397060,0,0,1707542251778566177,1707542251778662580,1707542251778874071,1707542251779324662,1707542251781266739,1707542251781268517,1707542251783464905,1707542251601381448,0,0,1707542251605084252,1707542251607167832,1707542251783710838
167772188,0,1707542251592195098,1707542251593404894,0,0,1707542251658341195,0,0,1707542251677183648,1707542251594570565,0,0,1707542251599320918,1707542251599350369,1707542251677208376,1707542251680574581,1707542251681926013,1707542251681932963,1707542251756838585,1707542251756846123,0,0,1707542251756984380,1707542251756995850,0,0,1707542251757134285,1707542251757230837,1707542251757420894,1707542251757910543,1707542251759171698,1707542251759173786,1707542251761172164,1707542251599354921,0,0,1707542251601487623,1707542251603038387,1707542251761357116
167772189,0,1707542251596206974,1707542251597469115,0,0,1707542251638214641,0,0,1707542251644416814,1707542251598850209,0,0,1707542251604292084,1707542251604316895,1707542251644435403,1707542251647716836,1707542251650069659,1707542251650078621,1707542251664748530,1707542251664763588,0,0,1707542251665439235,1707542251665457577,0,0,1707542251666652884,1707542251666984521,1707542251667218042,1707542251667606359,1707542251670112421,1707542251670114225,1707542251673229258,1707542251604320869,0,0,1707542251605968333,1707542251607302695,1707542251673524652
167772190,0,1707542251595233676,1707542251598900052,0,0,1707542251642315646,0,0,1707542251645292986,1707542251602361722,0,0,1707542251604472654,1707542251604492112,1707542251645317280,1707542251649261626,1707542251651586901,1707542251651596635,1707542251683253250,1707542251683270632,0,0,1707542251684332840,1707542251684362168,0,0,1707542251685382185,1707542251687634799,1707542251687919113,1707542251693753083,1707542251694983476,1707542251694985941,1707542251706811017,1707542251604494840,0,0,1707542251607648271,1707542251608826309,1707542251707175934
167772191,0,1707542251596207212,1707542251597507686,0,0,1707542251616177704,0,0,1707542251619380985,1707542251599172121,0,0,1707542251603457852,1707542251603479291,1707542251619396478,1707542251623159929,1707542251627023904,1707542251627033582,1707542251638378701,1707542251638398015,0,0,1707542251638552197,1707542251638571637,0,0,1707542251639533105,1707542251639844593,1707542251640898035,1707542251641080283,1707542251643841138,1707542251643843760,1707542251644159814,1707542251603482684,0,0,1707542251604908053,1707542251606982942,1707542251644571039
167772192,0,1707542251601812678,1707542251603213120,0,0,1707542251688609581,0,0,1707542251761142252,1707542251605079964,0,0,1707542251606061478,1707542251606085451,1707542251761157453,1707542251764499883,1707542251765325926,1707542251765329073,1707542251782311728,1707542251782322941,0,0,1707542251782482109,1707542251782498092,0,0,1707542251782891104,1707542251783113139,1707542251783340411,1707542251784627485,1707542251785664367,1707542251785665723,1707542251787921574,1707542251606089120,0,0,1707542251608629442,1707542251610169392,1707542251788248361
167772193,0,1707542251596952505,1707542251609688969,0,0,1707542251701298235,0,0,1707542251774420648,1707542251610569947,0,0,1707542251611937338,1707542251611969766,1707542251774430399,1707542251777505884,1707542251779554392,1707542251779560126,1707542251792590718,1707542251792607964,0,0,1707542251792721162,1707542251792736265,0,0,1707542251792969630,1707542251793106232,1707542251793367138,1707542251794097951,1707542251795099639,1707542251795101270,1707542251796397164,1707542251611975029,0,0,1707542251615210199,1707542251618581848,1707542251796679162
167772194,0,1707542251596597761,1707542251609772027,0,0,1707542251634370103,0,0,1707542251644229372,1707542251612263983,0,0,1707542251614901035,1707542251614916903,1707542251644251666,1707542251647427431,1707542251650832519,1707542251650842283,1707542251677376579,1707542251677395145,0,0,1707542251677588908,1707542251677604681,0,0,1707542251677895820,1707542251678050522,1707542251678286291,1707542251678891556,1707542251682463448,1707542251682465371,1707542251703495752,1707542251614920363,0,0,1707542251616388583,1707542251619604906,1707542251703998717
167772195,0,1707542251602973624,1707542251604405725,0,0,1707542251641687140,0,0,1707542251644889198,1707542251605470347,0,0,1707542251608404709,1707542251608426821,1707542251644907675,1707542251648141893,1707542251652196618,1707542251652208258,1707542251703015179,1707542251703031879,0,0,1707542251704233511,1707542251704256117,0,0,1707542251705274881,1707542251706225764,1707542251706639747,1707542251707339488,1707542251711875522,1707542251711878667,1707542251720686013,1707542251608430738,0,0,1707542251613089254,1707542251614634952,1707542251722123781
167772196,0,1707542251614456140,1707542251616633960,0,0,1707542251653156737,0,0,1707542251663392415,1707542251619507768,0,0,1707542251619966547,1707542251619994319,1707542251663411045,1707542251666618179,1707542251667993132,1707542251668004969,1707542251751325896,1707542251751335385,0,0,1707542251751434123,1707542251751447907,0,0,1707542251751635822,1707542251751772617,1707542251751918490,1707542251753565989,1707542251754960879,1707542251754962636,1707542251756632739,1707542251619998580,0,0,1707542251620411833,1707542251621844777,1707542251756877127
167772197,0,1707542251607038303,1707542251608115067,0,0,1707542251630656653,0,0,1707542251643730639,1707542251616118919,0,0,1707542251616477573,1707542251616490776,1707542251643747738,1707542251647201547,1707542251652047159,1707542251652055227,1707542251696975918,1707542251697018571,0,0,1707542251698278370,1707542251698297476,0,0,1707542251701356513,1707542251701465243,1707542251701682995,1707542251701811417,1707542251702959126,1707542251702961732,1707542251717463221,1707542251616493067,0,0,1707542251618470360,1707542251619910774,1707542251719871513
167772198,0,1707542251606131424,1707542251609650787,0,0,1707542251688618593,0,0,1707542251761962662,1707542251611403628,0,0,1707542251615563598,1707542251615601484,1707542251761973721,1707542251765067225,1707542251767381969,1707542251767388726,1707542251785705292,1707542251785717013,0,0,1707542251786655662,1707542251786669081,0,0,1707542251786829693,1707542251786946446,1707542251787114413,1707542251787178646,1707542251788256536,1707542251788257848,1707542251789680098,1707542251615605926,0,0,1707542251616743558,1707542251618076265,1707542251789858757
167772199,0,1707542251608765354,1707542251610104159,0,0,1707542251626656438,0,0,1707542251643428296,1707542251611689568,0,0,1707542251614869404,1707542251614887926,1707542251643441965,1707542251646824576,1707542251649184691,1707542251649191010,1707542251678828356,1707542251678842630,0,0,1707542251679234931,1707542251679252692,0,0,1707542251679659821,1707542251680031116,1707542251680279010,1707542251682973193,1707542251684217061,1707542251684219306,1707542251701805558,1707542251614891380,0,0,1707542251616863872,1707542251618080159,1707542251702080325
167772200,0,1707542251616355551,1707542251617425865,0,0,1707542251668032506,0,0,1707542251702388594,1707542251620389376,0,0,1707542251620749468,1707542251620776345,1707542251702410065,1707542251706564566,1707542251707974282,1707542251707980777,1707542251761956909,1707542251761964148,0,0,1707542251762014638,1707542251762023239,0,0,1707542251762114834,1707542251762202730,1707542251762359411,1707542251763005235,1707542251763779281,1707542251763780304,1707542251765600247,1707542251620778886,0,0,1707542251621054183,1707542251621986010,1707542251765882359
167772201,0,1707542251605167540,1707542251606149880,0,0,1707542251670586008,0,0,1707542251721558555,1707542251615109147,0,0,1707542251616401425,1707542251616471266,1707542251721576542,1707542251725072270,1707542251728461533,1707542251728469910,1707542251763809480,1707542251763817532,0,0,1707542251763888151,1707542251763895352,0,0,1707542251764686583,1707542251764774534,1707542251764923871,1707542251765012038,1707542251766362244,1707542251766364236,1707542251769442907,1707542251616475279,0,0,1707542251617515848,1707542251618721058,1707542251769760014
167772202,0,1707542251615936077,1707542251617712990,0,0,1707542251679837117,0,0,1707542251750873447,1707542251620937668,0,0,1707542251621856315,1707542251621872389,1707542251750889382,1707542251754012171,1707542251756260978,1707542251756266814,1707542251773713997,1707542251773726488,0,0,1707542251773891490,1707542251773904027,0,0,1707542251774017732,1707542251774165047,1707542251774332031,1707542251774534639,1707542251775657018,1707542251775658207,1707542251778053326,1707542251621879113,0,0,1707542251622170477,1707542251623353354,1707542251778370969
167772203,0,1707542251618609561,1707542251619791996,0,0,1707542251655935658,0,0,1707542251670967847,1707542251620404273,0,0,1707542251620598891,1707542251620620883,1707542251670984033,1707542251674125706,1707542251675560956,1707542251675568288,1707542251755987110,1707542251755995818,0,0,1707542251756088028,1707542251756101523,0,0,1707542251756293221,1707542251756415978,1707542251756559506,1707542251756838008,1707542251757835132,1707542251757836594,1707542251761227280,1707542251620623728,0,0,1707542251620855270,1707542251621773099,1707542251761524581
167772204,0,1707542251623448140,1707542251624495947,0,0,1707542251670275888,0,0,1707542251716660597,1707542251628734680,0,0,1707542251631151199,1707542251631168993,1707542251716685711,1707542251720298747,1707542251722745242,1707542251722754991,1707542251763001926,1707542251763011474,0,0,1707542251763072182,1707542251763079570,0,0,1707542251763178849,1707542251763264132,1707542251763408249,1707542251763844537,1707542251764634299,1707542251764634909,1707542251765617043,1707542251631172153,0,0,1707542251633267188,1707542251634352349,1707542251765882297
167772205,0,1707542251624164567,1707542251625092439,0,0,1707542251725985601,0,0,1707542251793538191,1707542251625906698,0,0,1707542251626975795,1707542251626995183,1707542251793600576,1707542251796749937,1707542251798089718,1707542251798095287,1707542251818367594,1707542251818376975,0,0,1707542251818484189,1707542251818494393,0,0,1707542251818629034,1707542251818715972,1707542251819007560,1707542251819235041,1707542251821222170,1707542251821223145,1707542251822541394,1707542251626998239,0,0,1707542251628298569,1707542251630491507,1707542251822707258
167772206,0,1707542251623672938,1707542251624549888,0,0,1707542251700035135,0,0,1707542251772789485,1707542251627050179,0,0,1707542251630690377,1707542251630710461,1707542251772803759,1707542251776630999,1707542251778887792,1707542251778893596,1707542251791619360,1707542251791625816,0,0,1707542251791737908,1707542251791748495,0,0,1707542251791885043,1707542251792021022,1707542251792259470,1707542251792611891,1707542251793737071,1707542251793738461,1707542251797033948,1707542251630714321,0,0,1707542251632764073,1707542251634095780,1707542251797440981
167772207,0,1707542251627764318,1707542251629272802,0,0,1707542251645052032,0,0,1707542251646672517,1707542251629842590,0,0,1707542251630395386,1707542251630427663,1707542251646706013,1707542251649990377,1707542251653123657,1707542251653132499,1707542251708751771,1707542251708774287,0,0,1707542251709141638,1707542251709158853,0,0,1707542251711970249,1707542251714348339,1707542251714731763,1707542251718311356,1707542251721339012,1707542251721340886,1707542251735653389,1707542251630431576,0,0,1707542251631548223,1707542251632952590,1707542251736027122
167772208,0,1707542251629740406,1707542251632422573,0,0,1707542251651880648,0,0,1707542251660813510,1707542251633096168,0,0,1707542251635334258,1707542251635354981,1707542251660831980,1707542251664381894,1707542251666417110,1707542251666433002,1707542251749022092,1707542251749037144,0,0,1707542251749762548,1707542251749780585,0,0,1707542251750070987,1707542251750315462,1707542251750675084,1707542251751331737,1707542251753510559,1707542251753512087,1707542251755874936,1707542251635358519,0,0,1707542251635989446,1707542251637348757,1707542251756218577
167772209,0,1707542251628722517,1707542251629782903,0,0,1707542251671984656,0,0,1707542251728323096,1707542251630447046,0,0,1707542251638048421,1707542251638074078,1707542251728339293,1707542251731912494,1707542251735335549,1707542251735344407,1707542251765018165,1707542251765025927,0,0,1707542251765092515,1707542251765101776,0,0,1707542251765212051,1707542251765305926,1707542251765499866,1707542251766410547,1707542251768454595,1707542251768456104,1707542251770472989,1707542251638077665,0,0,1707542251638495009,1707542251639909954,1707542251770797731
167772210,0,1707542251628887205,1707542251629806251,0,0,1707542251647242892,0,0,1707542251650307834,1707542251635360007,0,0,1707542251646288898,1707542251646301833,1707542251650326278,1707542251653573670,1707542251654931798,1707542251654940469,1707542251723842409,1707542251723875432,0,0,1707542251727006854,1707542251727029770,0,0,1707542251727509351,1707542251727692162,1707542251728013637,1707542251728103617,1707542251730441081,1707542251730443120,1707542251741979049,1707542251646305147,0,0,1707542251654832924,1707542251658323815,1707542251742405469
167772211,0,1707542251634011624,1707542251635574213,0,0,1707542251660565831,0,0,1707542251682072903,1707542251636723217,0,0,1707542251646200390,1707542251646220026,1707542251682090486,1707542251686702867,1707542251694832119,1707542251694842385,1707542251759622781,1707542251759633321,0,0,1707542251759740602,1707542251759754365,0,0,1707542251760710456,1707542251760833553,1707542251761065217,1707542251761133733,1707542251761910772,1707542251761911344,1707542251762469199,1707542251646222992,0,0,1707542251655907218,1707542251657291814,1707542251762887499
167772212,0,1707542251631230129,1707542251633332168,0,0,1707542251655452986,0,0,1707542251667455129,1707542251633851118,0,0,1707542251645548153,1707542251645575332,1707542251667489663,1707542251671688464,1707542251674568012,1707542251674576295,1707542251755004512,1707542251755040083,0,0,1707542251755176702,1707542251755192089,0,0,1707542251755498567,1707542251755607581,1707542251755759163,1707542251756015557,1707542251756813385,1707542251756814250,1707542251759273150,1707542251645578888,0,0,1707542251648193068,1707542251653905178,1707542251759502303
167772213,0,1707542251628747149,1707542251629764644,0,0,1707542251711467714,0,0,1707542251785550626,1707542251630876421,0,0,1707542251634569322,1707542251634592017,1707542251785565879,1707542251788809484,1707542251789610184,1707542251789612234,1707542251806537786,1707542251806551478,0,0,1707542251806886737,1707542251806904060,0,0,1707542251807214115,1707542251807406684,1707542251807626908,1707542251808787047,1707542251809758888,1707542251809759942,1707542251810496564,1707542251634595557,0,0,1707542251634890704,1707542251639919800,1707542251810802952
167772214,0,1707542251630528910,1707542251632340156,0,0,1707542251661852631,0,0,1707542251701340056,1707542251632935740,0,0,1707542251638176381,1707542251638196976,1707542251701357543,1707542251704585789,1707542251707423590,1707542251707430235,1707542251761148202,1707542251761157459,0,0,1707542251761293369,1707542251761303155,0,0,1707542251761403280,1707542251761580805,1707542251761845152,1707542251761954912,1707542251762975149,1707542251762975973,1707542251765027536,1707542251638200839,0,0,1707542251638496556,1707542251641328530,1707542251765223904
167772215,0,1707542251634011593,1707542251635074050,0,0,1707542251696921921,0,0,1707542251769320182,1707542251638617639,0,0,1707542251645702935,1707542251645728033,1707542251769341583,1707542251773303417,1707542251774118973,1707542251774120577,1707542251789978879,1707542251789996710,0,0,1707542251790063745,1707542251790073799,0,0,1707542251790199717,1707542251790276237,1707542251790427925,1707542251790812777,1707542251791595919,1707542251791596559,1707542251793460342,1707542251645731559,0,0,1707542251646608086,1707542251648019353,1707542251793734158
167772216,0,1707542251630391366,1707542251637196628,0,0,1707542251682545820,0,0,1707542251754744983,1707542251637868331,0,0,1707542251642687728,1707542251642705743,1707542251754760262,1707542251758449004,1707542251760017650,1707542251760022895,1707542251775692485,1707542251775702707,0,0,1707542251775799909,1707542251775808163,0,0,1707542251776155308,1707542251776366845,1707542251776601217,1707542251777375112,1707542251778248569,1707542251778249392,1707542251780113632,1707542251642709201,0,0,1707542251646545379,1707542251649559328,1707542251780326612
167772217,0,1707542251645776913,1707542251646910756,0,0,1707542251729303825,0,0,1707542251795308018,1707542251647489216,0,0,1707542251655154462,1707542251655178469,1707542251795328167,1707542251798488661,1707542251801110466,1707542251801118772,1707542251819228948,1707542251819235783,0,0,1707542251819306762,1707542251819314312,0,0,1707542251819403523,1707542251819481944,1707542251819622391,1707542251821298906,1707542251822081854,1707542251822082496,1707542251824724331,1707542251655181432,0,0,1707542251658962815,1707542251660766525,1707542251824897016
167772218,0,1707542251635329330,1707542251636603977,0,0,1707542251710158696,0,0,1707542251782165732,1707542251640892367,0,0,1707542251641712339,1707542251641735046,1707542251782180498,1707542251785338416,1707542251787666933,1707542251787671955,1707542251804318445,1707542251804327849,0,0,1707542251804423364,1707542251804432881,0,0,1707542251804578876,1707542251804670401,1707542251804825947,1707542251806568506,1707542251808751835,1707542251808752868,1707542251810482326,1707542251641738137,0,0,1707542251641957399,1707542251643436485,1707542251810797406
167772219,0,1707542251640298759,1707542251643943737,0,0,1707542251744410550,0,0,1707542251815428797,1707542251644623291,0,0,1707542251646475545,1707542251646491139,1707542251815442168,1707542251818515655,1707542251819329735,1707542251819331505,1707542251832697765,1707542251832705047,0,0,1707542251832779189,1707542251832785301,0,0,1707542251832844049,1707542251832892872,1707542251833027297,1707542251834043173,1707542251835245298,1707542251835246518,1707542251836448735,1707542251646493610,0,0,1707542251654374245,1707542251658555285,1707542251836640658
167772220,0,1707542251649425361,1707542251650421952,0,0,1707542251672788060,0,0,1707542251741988425,1707542251651101322,0,0,1707542251653618679,1707542251653632972,1707542251742007553,1707542251745213781,1707542251747884846,1707542251747900215,1707542251766404906,1707542251766415359,0,0,1707542251766533584,1707542251766544690,0,0,1707542251766699348,1707542251766843687,1707542251767082847,1707542251768545183,1707542251769358999,1707542251769359987,1707542251772854193,1707542251653635402,0,0,1707542251658741144,1707542251660179122,1707542251773268469
167772221,0,1707542251635469975,1707542251636456427,0,0,1707542251713840361,0,0,1707542251787957893,1707542251641169951,0,0,1707542251642329527,1707542251642352941,1707542251787969057,1707542251791084564,1707542251791896379,1707542251791897770,1707542251808781216,1707542251808795887,0,0,1707542251808901417,1707542251808914228,0,0,1707542251809254276,1707542251809416716,1707542251809722124,1707542251809822111,1707542251811861362,1707542251811862479,1707542251813226422,1707542251642356443,0,0,1707542251642984281,1707542251645125000,1707542251813400130
167772222,0,1707542251642281789,1707542251644860227,0,0,1707542251743320821,0,0,1707542251812591363,1707542251645692083,0,0,1707542251656965624,1707542251656988145,1707542251812603672,1707542251815692045,1707542251817997655,1707542251818008508,1707542251831737441,1707542251831743755,0,0,1707542251831799214,1707542251831807160,0,0,1707542251831879980,1707542251831944609,1707542251832079477,1707542251832732246,1707542251833978102,1707542251833978992,1707542251835902626,1707542251656991778,0,0,1707542251657355646,1707542251658873186,1707542251836206597
167772223,0,1707542251637933015,1707542251639230285,0,0,1707542251703704370,0,0,1707542251776722697,1707542251640442224,0,0,1707542251642045893,1707542251642075361,1707542251776736071,1707542251779866893,1707542251782009929,1707542251782017182,1707542251795293406,1707542251795310034,0,0,1707542251795431956,1707542251795445061,0,0,1707542251795823327,1707542251795974592,1707542251796203378,1707542251796437191,1707542251798601089,1707542251798603207,1707542251801951978,1707542251642078641,0,0,1707542251643656385,1707542251645114462,1707542251802165593
167772224,0,1707542251645243879,1707542251649572113,0,0,1707542251680933573,0,0,1707542251751993719,1707542251651615948,0,0,1707542251653441459,1707542251653462487,1707542251752003384,1707542251755880306,1707542251756749545,1707542251756751443,1707542251774533731,1707542251774541489,0,0,1707542251774595677,1707542251774604411,0,0,1707542251774685295,1707542251774752076,1707542251774886857,1707542251775713531,1707542251777336193,1707542251777337339,1707542251778984782,1707542251653465528,0,0,1707542251658548007,1707542251659763272,1707542251779222124
167772225,0,1707542251639178731,1707542251640498355,0,0,1707542251720192513,0,0,1707542251788890193,1707542251641413047,0,0,1707542251643186348,1707542251643201520,1707542251788901861,1707542251791985936,1707542251793022450,1707542251793026566,1707542251811900373,1707542251811911221,0,0,1707542251811980505,1707542251811990836,0,0,1707542251812137661,1707542251812223475,1707542251812469447,1707542251812733951,1707542251814728582,1707542251814729587,1707542251816150383,1707542251643204039,0,0,1707542251644066601,1707542251645232153,1707542251816442618
167772226,0,1707542251651823261,1707542251653103218,0,0,1707542251708566838,0,0,1707542251780204564,1707542251657041522,0,0,1707542251660026555,1707542251660048718,1707542251780225368,1707542251783341948,1707542251784712911,1707542251784717421,1707542251801009844,1707542251801025940,0,0,1707542251801184128,1707542251801201187,0,0,1707542251801383466,1707542251801505557,1707542251801789298,1707542251803264217,1707542251804137430,1707542251804138433,1707542251804948953,1707542251660052875,0,0,1707542251661129672,1707542251662836761,1707542251805149257
167772227,0,1707542251651368851,1707542251652574824,0,0,1707542251752247806,0,0,1707542251821903015,1707542251655540383,0,0,1707542251658436227,1707542251658459416,1707542251821912126,1707542251824976738,1707542251826377389,1707542251826382225,1707542251837643181,1707542251837648792,0,0,1707542251837765652,1707542251837771860,0,0,1707542251837832765,1707542251837884558,1707542251838008867,1707542251838491498,1707542251839278523,1707542251839279127,1707542251840655986,1707542251658462038,0,0,1707542251660025540,1707542251661858987,1707542251840949988
167772228,0,1707542251649994430,1707542251651063017,0,0,1707542251722285803,0,0,1707542251792425576,1707542251651845333,0,0,1707542251653534592,1707542251653548466,1707542251792447725,1707542251795623009,1707542251796796173,1707542251796805824,1707542251817382507,1707542251817398312,0,0,1707542251817539861,1707542251817554164,0,0,1707542251817724178,1707542251817837173,1707542251818081031,1707542251818366017,1707542251819208778,1707542251819209421,1707542251821852569,1707542251653551101,0,0,1707542251658536064,1707542251659983363,1707542251822168531
167772229,0,1707542251660826219,1707542251663827624,0,0,1707542251686267856,0,0,1707542251756657893,1707542251664623282,0,0,1707542251665356516,1707542251665379476,1707542251756675967,1707542251759789056,1707542251760629335,1707542251760632123,1707542251777370800,1707542251777379943,0,0,1707542251777529442,1707542251777542582,0,0,1707542251777692801,1707542251777824184,1707542251777977780,1707542251778278673,1707542251779248734,1707542251779250299,1707542251782134444,1707542251665382407,0,0,1707542251669028885,1707542251672823164,1707542251782383940
167772230,0,1707542251654931645,1707542251657326754,0,0,1707542251676759935,0,0,1707542251743612699,1707542251657904152,0,0,1707542251658641948,1707542251658655438,1707542251743632434,1707542251746961150,1707542251748139945,1707542251748155512,1707542251768500352,1707542251768513732,0,0,1707542251768639054,1707542251768650368,0,0,1707542251768801415,1707542251768953904,1707542251769199984,1707542251769415101,1707542251771479890,1707542251771481581,1707542251774494315,1707542251658657894,0,0,1707542251660166252,1707542251663365726,1707542251774796712
167772231,0,1707542251653334916,1707542251654547888,0,0,1707542251735141523,0,0,1707542251800038800,1707542251656828128,0,0,1707542251657048159,1707542251657160512,1707542251800051939,1707542251803216264,1707542251805457331,1707542251805462691,1707542251824111139,1707542251824120680,0,0,1707542251824238528,1707542251824246061,0,0,1707542251824312236,1707542251824372236,1707542251824607907,1707542251824954880,1707542251826149766,1707542251826150715,1707542251827414329,1707542251657163834,0,0,1707542251658462040,1707542251660546633,1707542251827690935
167772232,0,1707542251659242732,1707542251660391609,0,0,1707542251748833209,0,0,1707542251819180737,1707542251662460718,0,0,1707542251663298609,1707542251663321745,1707542251819192748,1707542251822273799,1707542251824273557,1707542251824276486,1707542251836863167,1707542251836869473,0,0,1707542251836926175,1707542251836935554,0,0,1707542251837029534,1707542251837109228,1707542251837238891,1707542251837642654,1707542251838468238,1707542251838468950,1707542251839853625,1707542251663330293,0,0,1707542251663634940,1707542251665076389,1707542251840138297
167772233,0,1707542251665515965,1707542251666638019,0,0,1707542251687808179,0,0,1707542251759294533,1707542251669117371,0,0,1707542251669492914,1707542251669504439,1707542251759308994,1707542251762433756,1707542251763337418,1707542251763341516,1707542251781309095,1707542251781320864,0,0,1707542251781431945,1707542251781444895,0,0,1707542251781606626,1707542251781714984,1707542251782005817,1707542251782358596,1707542251784581215,1707542251784583127,1707542251787187556,1707542251669506603,0,0,1707542251669787414,1707542251671009399,1707542251787465715
167772234,0,1707542251664429227,1707542251670637784,0,0,1707542251752697522,0,0,1707542251822502776,1707542251672290794,0,0,1707542251673591968,1707542251673615189,1707542251822512428,1707542251825581358,1707542251827530314,1707542251827533563,1707542251838488058,1707542251838499035,0,0,1707542251838614641,1707542251838619968,0,0,1707542251838675118,1707542251838719213,1707542251838852670,1707542251839304993,1707542251840196806,1707542251840197656,1707542251841609153,1707542251673618300,0,0,1707542251673963525,1707542251675325584,1707542251841903947
167772235,0,1707542251661351955,1707542251662431027,0,0,1707542251719898433,0,0,1707542251789714743,1707542251666142198,0,0,1707542251668476392,1707542251668504235,1707542251789727141,1707542251792820396,1707542251793789366,1707542251793794640,1707542251812728393,1707542251812734698,0,0,1707542251812799386,1707542251812809571,0,0,1707542251812933240,1707542251813015190,1707542251813165687,1707542251814800467,1707542251815573903,1707542251815574459,1707542251818169901,1707542251668508110,0,0,1707542251668901894,1707542251670351389,1707542251818358034
167772236,0,1707542251663373759,1707542251664595146,0,0,1707542251758320370,0,0,1707542251829857085,1707542251665265089,0,0,1707542251666328723,1707542251666353390,1707542251829871122,1707542251832948635,1707542251834237384,1707542251834238961,1707542251843748174,1707542251843757952,0,0,1707542251843857149,1707542251843869456,0,0,1707542251844081160,1707542251844202691,1707542251844420004,1707542251845377518,1707542251846752515,1707542251846753709,1707542251849286623,1707542251666357444,0,0,1707542251666639830,1707542251668028820,1707542251849464894
167772237,0,1707542251666349388,1707542251667402994,0,0,1707542251698801759,0,0,1707542251770484874,1707542251668182205,0,0,1707542251670554003,1707542251670575324,1707542251770516798,1707542251773660192,1707542251774841395,1707542251774846627,1707542251790808483,1707542251790813527,0,0,1707542251790883053,1707542251790893913,0,0,1707542251791010828,1707542251791086086,1707542251791231521,1707542251791617294,1707542251792554131,1707542251792555529,1707542251795191407,1707542251670579132,0,0,1707542251671389423,1707542251673140456,1707542251795490192
167772238,0,1707542251666670950,1707542251667727135,0,0,1707542251702238525,0,0,1707542251775017657,1707542251668174713,0,0,1707542251669213688,1707542251669416244,1707542251775029335,1707542251778179604,1707542251779934538,1707542251779941750,1707542251794092498,1707542251794105247,0,0,1707542251794330032,1707542251794346918,0,0,1707542251794623273,1707542251794796121,1707542251795063134,1707542251795274107,1707542251796361827,1707542251796363356,1707542251799950057,1707542251669419630,0,0,1707542251669839232,1707542251672577898,1707542251800323287
167772239,0,1707542251665516268,1707542251666578515,0,0,1707542251706510900,0,0,1707542251779058675,1707542251667461415,0,0,1707542251668068434,1707542251668101211,1707542251779072924,1707542251782298274,1707542251784621767,1707542251784627971,1707542251798661083,1707542251798678122,0,0,1707542251798996445,1707542251799013065,0,0,1707542251799262384,1707542251799431015,1707542251799793067,1707542251801016432,1707542251803201083,1707542251803203105,1707542251804923471,1707542251668105747,0,0,1707542251669362102,1707542251670668387,1707542251805145542
167772240,0,1707542251675845698,1707542251676772082,0,0,1707542251757319564,0,0,1707542251828483147,1707542251677596786,0,0,1707542251679138697,1707542251679161496,1707542251828497697,1707542251831578100,1707542251833549560,1707542251833552419,1707542251842758550,1707542251842771119,0,0,1707542251842874094,1707542251842884724,0,0,1707542251842978226,1707542251843074283,1707542251843273311,1707542251843788896,1707542251845340476,1707542251845341870,1707542251847317541,1707542251679165041,0,0,1707542251680380996,1707542251681719490,1707542251847622262
167772241,0,1707542251675493099,1707542251678347685,0,0,1707542251765056170,0,0,1707542251830547351,1707542251683442725,0,0,1707542251697123353,1707542251697154315,1707542251830562939,1707542251833685452,1707542251834484270,1707542251834485623,1707542251845378011,1707542251845389400,0,0,1707542251845491868,1707542251845505418,0,0,1707542251845612940,1707542251845692131,1707542251845942113,1707542251846846330,1707542251848797701,1707542251848798778,1707542251850154375,1707542251697158836,0,0,1707542251698356987,1707542251699692141,1707542251850448206
167772242,0,1707542251675173340,1707542251678345759,0,0,1707542251691256703,0,0,1707542251765042145,1707542251682966658,0,0,1707542251693572262,1707542251693588008,1707542251765059921,1707542251768217728,1707542251769541968,1707542251769545755,1707542251788296358,1707542251788304604,0,0,1707542251788386856,1707542251788397486,0,0,1707542251788529062,1707542251788646312,1707542251788801862,1707542251789163955,1707542251789958795,1707542251789959384,1707542251791292538,1707542251693591206,0,0,1707542251694181660,1707542251695487697,1707542251791599033
167772243,0,1707542251677915157,1707542251680232944,0,0,1707542251721102501,0,0,1707542251790501015,1707542251686852338,0,0,1707542251691150510,1707542251691195430,1707542251790511993,1707542251793616001,1707542251794713148,1707542251794718484,1707542251814762845,1707542251814773095,0,0,1707542251814840172,1707542251814849675,0,0,1707542251814970383,1707542251815051348,1707542251815293017,1707542251815602202,1707542251817346986,1707542251817348289,1707542251819153862,1707542251691201357,0,0,1707542251692164687,1707542251693580491,1707542251819333314
167772244,0,1707542251671011202,1707542251672132666,0,0,1707542251754030230,0,0,1707542251826605860,1707542251676141127,0,0,1707542251676475646,1707542251676495274,1707542251826617317,1707542251829819118,1707542251831891771,1707542251831894333,1707542251841035331,1707542251841041555,0,0,1707542251841163473,1707542251841172745,0,0,1707542251841257815,1707542251841343000,1707542251841506668,1707542251841964067,1707542251842743242,1707542251842743716,1707542251844547167,1707542251676499016,0,0,1707542251676783574,1707542251678617454,1707542251844871479
167772245,0,1707542251670695563,1707542251671757267,0,0,1707542251692908459,0,0,1707542251767195003,1707542251675265019,0,0,1707542251675761234,1707542251675783373,1707542251767210530,1707542251770372834,1707542251771318346,1707542251771321867,1707542251789162157,1707542251789170147,0,0,1707542251789242940,1707542251789253089,0,0,1707542251789381048,1707542251789463582,1707542251789628431,1707542251790004715,1707542251790794858,1707542251790795418,1707542251792464445,1707542251675787315,0,0,1707542251675993028,1707542251678602293,1707542251792851841
167772246,0,1707542251685002886,1707542251687520149,0,0,1707542251754007607,0,0,1707542251825345646,1707542251688534733,0,0,1707542251698230381,1707542251698247247,1707542251825361911,1707542251828472656,1707542251829277309,1707542251829278823,1707542251840226613,1707542251840235279,0,0,1707542251840281820,1707542251840288170,0,0,1707542251840360635,1707542251840420034,1707542251840561660,1707542251841084526,1707542251841942430,1707542251841943216,1707542251843368963,1707542251698250803,0,0,1707542251700417698,1707542251701973514,1707542251843701037
167772247,0,1707542251687208929,1707542251688386399,0,0,1707542251736783897,0,0,1707542251804953031,1707542251691298007,0,0,1707542251692100404,1707542251692120046,1707542251804962597,1707542251808065461,1707542251810267998,1707542251810273024,1707542251827019006,1707542251827024846,0,0,1707542251827113323,1707542251827118595,0,0,1707542251827180563,1707542251827224610,1707542251827349680,1707542251828023019,1707542251829305977,1707542251829306601,1707542251830634130,1707542251692122765,0,0,1707542251693331432,1707542251695045118,1707542251830937910
167772248,0,1707542251694978863,1707542251696008235,0,0,1707542251781525862,0,0,1707542251839865915,1707542251696384396,0,0,1707542251697984326,1707542251698003874,1707542251839881834,1707542251842960203,1707542251844020873,1707542251844024733,1707542251854975249,1707542251854981558,0,0,1707542251855105704,1707542251855113640,0,0,1707542251855206182,1707542251855273831,1707542251855448590,1707542251856988136,1707542251857783100,1707542251857783748,1707542251860338387,1707542251698007387,0,0,1707542251700202290,1707542251703334800,1707542251860512587
167772249,0,1707542251684691756,1707542251686243189,0,0,1707542251710646010,0,0,1707542251783470471,1707542251686852038,0,0,1707542251693375708,1707542251693398453,1707542251783485391,1707542251786609399,1707542251787491321,1707542251787495821,1707542251803255254,1707542251803276944,0,0,1707542251803585594,1707542251803605654,0,0,1707542251803811510,1707542251803966780,1707542251804228905,1707542251804317033,1707542251806490972,1707542251806492213,1707542251809831442,1707542251693402406,0,0,1707542251694175385,1707542251695445026,1707542251810018568
167772250,0,1707542251689055623,1707542251691131455,0,0,1707542251743791614,0,0,1707542251813228622,1707542251691869630,0,0,1707542251699705501,1707542251699737261,1707542251813239407,1707542251816308312,1707542251817328005,1707542251817332231,1707542251830953843,1707542251830960966,0,0,1707542251831079765,1707542251831085159,0,0,1707542251831141797,1707542251831186591,1707542251831318816,1707542251831738408,1707542251832667397,1707542251832668045,1707542251834636011,1707542251699741709,0,0,1707542251700923242,1707542251702179611,1707542251834953431
167772251,0,1707542251680495694,1707542251682355575,0,0,1707542251736128669,0,0,1707542251801937893,1707542251682810556,0,0,1707542251684984407,1707542251685000608,1707542251801954465,1707542251805068740,1707542251805901800,1707542251805905519,1707542251824949430,1707542251824955974,0,0,1707542251825009266,1707542251825015069,0,0,1707542251825071081,1707542251825117665,1707542251825242262,1707542251826218509,1707542251826992709,1707542251826993507,1707542251828470438,1707542251685003206,0,0,1707542251695066846,1707542251696449421,1707542251828769161
167772252,0,1707542251684811875,1707542251685804415,0,0,1707542251769213819,0,0,1707542251833127719,1707542251696695469,0,0,1707542251698342203,1707542251698359382,1707542251833142336,1707542251836240920,1707542251837139205,1707542251837142024,1707542251848823920,1707542251848831790,0,0,1707542251848880741,1707542251848888505,0,0,1707542251848957931,1707542251849021914,1707542251849165988,1707542251849619654,1707542251850727306,1707542251850727982,1707542251851919632,1707542251698362845,0,0,1707542251702287216,1707542251706355100,1707542251852107806
167772253,0,1707542251709679598,1707542251711617230,0,0,1707542251785705134,0,0,1707542251844538923,1707542251712402860,0,0,1707542251719168210,1707542251719185450,1707542251844552414,1707542251847641813,1707542251848426953,1707542251848428214,1707542251863374165,1707542251863382539,0,0,1707542251863455969,1707542251863463853,0,0,1707542251863543967,1707542251863611389,1707542251863829285,1707542251864284511,1707542251865155126,1707542251865155659,1707542251866569358,1707542251719188816,0,0,1707542251722418112,1707542251727062087,1707542251866732362
167772254,0,1707542251682543381,1707542251683734441,0,0,1707542251782396583,0,0,1707542251840704183,1707542251684389201,0,0,1707542251684982505,1707542251685000197,1707542251840716592,1707542251843824547,1707542251845715929,1707542251845719898,1707542251859763044,1707542251859771834,0,0,1707542251859848449,1707542251859856072,0,0,1707542251859936442,1707542251859995822,1707542251860220335,1707542251860630631,1707542251862397710,1707542251862398806,1707542251863894333,1707542251685003471,0,0,1707542251686170104,1707542251687540125,1707542251864093664
167772255,0,1707542251693611195,1707542251694906063,0,0,1707542251769387587,0,0,1707542251832237804,1707542251695867870,0,0,1707542251696203004,1707542251696230859,1707542251832253510,1707542251835392201,1707542251837445275,1707542251837448409,1707542251849615602,1707542251849624445,0,0,1707542251849677681,1707542251849686166,0,0,1707542251849762136,1707542251849830472,1707542251849956977,1707542251850746807,1707542251851519053,1707542251851519552,1707542251852785189,1707542251696235683,0,0,1707542251697153804,1707542251700387991,1707542251853058235
167772256,0,1707542251694570790,1707542251695642113,0,0,1707542251713355827,0,0,1707542251787220139,1707542251696032022,0,0,1707542251696404228,1707542251696428282,1707542251787244909,1707542251790381389,1707542251792509341,1707542251792515028,1707542251809827657,1707542251809836690,0,0,1707542251809925106,1707542251809934345,0,0,1707542251810106652,1707542251810229739,1707542251810398793,1707542251811937324,1707542251812710259,1707542251812710818,1707542251815417193,1707542251696431939,0,0,1707542251698258302,1707542251699912652,1707542251815600191
167772257,0,1707542251706015975,1707542251709246550,0,0,1707542251753976440,0,0,1707542251824709931,1707542251715476271,0,0,1707542251718199653,1707542251718215795,1707542251824721987,1707542251827804462,1707542251829077492,1707542251829079826,1707542251839298126,1707542251839304046,0,0,1707542251839385162,1707542251839395724,0,0,1707542251839496576,1707542251839601907,1707542251839775383,1707542251840224585,1707542251841010589,1707542251841011444,1707542251842417091,1707542251718219215,0,0,1707542251718712132,1707542251720278114,1707542251842601335
167772258,0,1707542251694927371,1707542251696101659,0,0,1707542251794760893,0,0,1707542251850088930,1707542251697333120,0,0,1707542251702086877,1707542251702105080,1707542251850105136,1707542251853178356,1707542251854094782,1707542251854096774,1707542251866084450,1707542251866091246,0,0,1707542251866184655,1707542251866192165,0,0,1707542251866256981,1707542251866315160,1707542251866523986,1707542251866971384,1707542251867838649,1707542251867839148,1707542251869198778,1707542251702108121,0,0,1707542251704247472,1707542251705708607,1707542251869372296
167772259,0,1707542251688409985,1707542251689595372,0,0,1707542251757033543,0,0,1707542251827450319,1707542251696503105,0,0,1707542251697072686,1707542251697098631,1707542251827465204,1707542251830592773,1707542251832668753,1707542251832671089,1707542251841964970,1707542251841971711,0,0,1707542251842014570,1707542251842020957,0,0,1707542251842127772,1707542251842194699,1707542251842333646,1707542251842766079,1707542251843715193,1707542251843716317,1707542251846095382,1707542251697102996,0,0,1707542251700079869,1707542251701381499,1707542251846395269
167772260,0,1707542251718022547,1707542251718835027,0,0,1707542251737341526,0,0,1707542251807743495,1707542251725691257,0,0,1707542251727730358,1707542251727747726,1707542251807761580,1707542251810925024,1707542251811723481,1707542251811725250,1707542251828019857,1707542251828027507,0,0,1707542251828092078,1707542251828097389,0,0,1707542251828155599,1707542251828202056,1707542251828337745,1707542251829326297,1707542251830096845,1707542251830097423,1707542251831408593,1707542251727750428,0,0,1707542251728098890,1707542251731551819,1707542251831598466
167772261,0,1707542251697567017,1707542251698743711,0,0,1707542251745356069,0,0,1707542251816157076,1707542251699623957,0,0,1707542251702084586,1707542251702104555,1707542251816171918,1707542251819257633,1707542251821252684,1707542251821255694,1707542251834005145,1707542251834013480,0,0,1707542251834142604,1707542251834153328,0,0,1707542251834250395,1707542251834349213,1707542251834484884,1707542251835275094,1707542251836047339,1707542251836047868,1707542251837319894,1707542251702107264,0,0,1707542251702862142,1707542251704196209,1707542251837614590
167772262,0,1707542251706991099,1707542251707942182,0,0,1707542251766376483,0,0,1707542251831414220,1707542251711029869,0,0,1707542251719564631,1707542251719589329,1707542251831427109,1707542251834505911,1707542251835751035,1707542251835754649,1707542251846791697,1707542251846802580,0,0,1707542251846899450,1707542251846910032,0,0,1707542251847001476,1707542251847090888,1707542251847227508,1707542251848823423,1707542251849595586,1707542251849596132,1707542251851185341,1707542251719593124,0,0,1707542251728526946,1707542251730872630,1707542251851358921
167772263,0,1707542251710535268,1707542251715867464,0,0,1707542251740452950,0,0,1707542251810504212,1707542251716669486,0,0,1707542251718609506,1707542251718627959,1707542251810515066,1707542251813582733,1707542251814377092,1707542251814378280,1707542251829323497,1707542251829330212,0,0,1707542251829450565,1707542251829455320,0,0,1707542251829509649,1707542251829609903,1707542251829756030,1707542251830122759,1707542251830928504,1707542251830929272,1707542251832150070,1707542251718631334,0,0,1707542251720714619,1707542251725055681,1707542251832430495
167772264,0,1707542251707685732,1707542251708635868,0,0,1707542251793044214,0,0,1707542251847308338,1707542251717651343,0,0,1707542251718332107,1707542251718350221,1707542251847319103,1707542251850402342,1707542251852431984,1707542251852434963,1707542251865174760,1707542251865181166,0,0,1707542251865222264,1707542251865230027,0,0,1707542251865295095,1707542251865355999,1707542251865567596,1707542251866083957,1707542251866953657,1707542251866954178,1707542251868405188,1707542251718353508,0,0,1707542251719054770,1707542251724230409,1707542251868679821
167772265,0,1707542251709994388,1707542251710995140,0,0,1707542251740451697,0,0,1707542251809836441,1707542251715032071,0,0,1707542251718044564,1707542251718068287,1707542251809848343,1707542251812946025,1707542251814961800,1707542251814964646,1707542251830114893,1707542251830128370,0,0,1707542251830207376,1707542251830214185,0,0,1707542251830274630,1707542251830323124,1707542251830453828,1707542251830953641,1707542251831719729,1707542251831720257,1707542251833110185,1707542251718072105,0,0,1707542251719334222,1707542251723632206,1707542251833294850
167772266,0,1707542251717795399,1707542251718883030,0,0,1707542251785188415,0,0,1707542251843383700,1707542251723222685,0,0,1707542251728523508,1707542251728539126,1707542251843399992,1707542251846501654,1707542251847397540,1707542251847400393,1707542251862429594,1707542251862438357,0,0,1707542251862494668,1707542251862502143,0,0,1707542251862578256,1707542251862633962,1707542251862867211,1707542251863373156,1707542251864262072,1707542251864262699,1707542251865614708,1707542251728541600,0,0,1707542251730825257,1707542251735257650,1707542251865779042
167772267,0,1707542251716011094,1707542251717030195,0,0,1707542251779418925,0,0,1707542251838943958,1707542251719639336,0,0,1707542251721998357,1707542251722013488,1707542251838959405,1707542251842046019,1707542251844227715,1707542251844233079,1707542251856953658,1707542251856962767,0,0,1707542251857086293,1707542251857094212,0,0,1707542251857160133,1707542251857222418,1707542251857451651,1707542251857808030,1707542251859732409,1707542251859733188,1707542251860985671,1707542251722016566,0,0,1707542251727826998,1707542251730630473,1707542251861155178
167772268,0,1707542251703472863,1707542251704606183,0,0,1707542251750063668,0,0,1707542251819730887,1707542251710028353,0,0,1707542251712855108,1707542251712881681,1707542251819739972,1707542251822802559,1707542251823595252,1707542251823596551,1707542251836062775,1707542251836069401,0,0,1707542251836109760,1707542251836117370,0,0,1707542251836182391,1707542251836250521,1707542251836375575,1707542251836863816,1707542251837625105,1707542251837625615,1707542251838920792,1707542251712885341,0,0,1707542251715336020,1707542251718931702,1707542251839116048
167772269,0,1707542251702300650,1707542251703448524,0,0,1707542251771900913,0,0,1707542251834639448,1707542251704027929,0,0,1707542251708920021,1707542251708943668,1707542251834660701,1707542251837805043,1707542251839782289,1707542251839785423,1707542251851535718,1707542251851541496,0,0,1707542251851593453,1707542251851601415,0,0,1707542251851669934,1707542251851732536,1707542251851857706,1707542251852364155,1707542251853129431,1707542251853129932,1707542251854731807,1707542251708947668,0,0,1707542251709306686,1707542251710818476,1707542251855008750
167772270,0,1707542251716474713,1707542251718685071,0,0,1707542251733411207,0,0,1707542251797676065,1707542251720380910,0,0,1707542251721288976,1707542251721309832,1707542251797691578,1707542251800908404,1707542251801753888,1707542251801757400,1707542251822101926,1707542251822109072,0,0,1707542251822157241,1707542251822164924,0,0,1707542251822240027,1707542251822299179,1707542251822425898,1707542251824145874,1707542251824931677,1707542251824932219,1707542251826558334,1707542251721313147,0,0,1707542251725248273,1707542251726464760,1707542251826842564
167772271,0,1707542251703346891,1707542251704531216,0,0,1707542251772057318,0,0,1707542251835922990,1707542251705309099,0,0,1707542251705894926,1707542251705916308,1707542251835935585,1707542251839019473,1707542251839825472,1707542251839827168,1707542251850747591,1707542251850754434,0,0,1707542251850859576,1707542251850866190,0,0,1707542251850929339,1707542251850980565,1707542251851116017,1707542251851537864,1707542251852345048,1707542251852345646,1707542251853698878,1707542251705919818,0,0,1707542251706201462,1707542251707656399,1707542251853966309
167772272,0,1707542251704185540,1707542251711740927,0,0,1707542251783722135,0,0,1707542251842442552,1707542251713374227,0,0,1707542251719031900,1707542251719049639,1707542251842454564,1707542251845531750,1707542251846918121,1707542251846920214,1707542251860625215,1707542251860632275,0,0,1707542251860669182,1707542251860675898,0,0,1707542251860740778,1707542251860792137,1707542251860932330,1707542251862430888,1707542251863348360,1707542251863349179,1707542251864797338,1707542251719052769,0,0,1707542251721476338,1707542251725097099,1707542251864964078
167772273,0,1707542251718582872,1707542251719632749,0,0,1707542251731163609,0,0,1707542251797060101,1707542251720040585,0,0,1707542251721316881,1707542251721333040,1707542251797075962,1707542251800273967,1707542251801632983,1707542251801637158,1707542251821258542,1707542251821268481,0,0,1707542251821364369,1707542251821373302,0,0,1707542251821456649,1707542251821528482,1707542251821772846,1707542251822107671,1707542251824075980,1707542251824076815,1707542251825310718,1707542251721336740,0,0,1707542251722901883,1707542251724251861,1707542251825530398
167772274,0,1707542251706727873,1707542251708460503,0,0,1707542251721969984,0,0,1707542251791295938,1707542251712902431,0,0,1707542251720123947,1707542251720144960,1707542251791309046,1707542251794555972,1707542251795661306,1707542251795680742,1707542251815594646,1707542251815607538,0,0,1707542251815681092,1707542251815691626,0,0,1707542251815824997,1707542251815927409,1707542251816078014,1707542251817385993,1707542251818339647,1707542251818340432,1707542251819692265,1707542251720148670,0,0,1707542251728717272,1707542251730096989,1707542251819970584
167772275,0,1707542251724345480,1707542251726025824,0,0,1707542251736524175,0,0,1707542251804379253,1707542251726584409,0,0,1707542251731169399,1707542251731187532,1707542251804392594,1707542251807516303,1707542251808377546,1707542251808379972,1707542251826178760,1707542251826186140,0,0,1707542251826225555,1707542251826231457,0,0,1707542251826291391,1707542251826346255,1707542251826488575,1707542251827060626,1707542251827996561,1707542251827997195,1707542251829856020,1707542251731191205,0,0,1707542251734926117,1707542251736365211,1707542251830040230
167772276,0,1707542251715927809,1707542251717030189,0,0,1707542251793417346,0,0,1707542251849359265,1707542251719648187,0,0,1707542251721752692,1707542251721769616,1707542251849370730,1707542251852482860,1707542251854378527,1707542251854381527,1707542251866971031,1707542251866976990,0,0,1707542251867057759,1707542251867065312,0,0,1707542251867132847,1707542251867195917,1707542251867401118,1707542251867858260,1707542251868742753,1707542251868743340,1707542251870245884,1707542251721773055,0,0,1707542251727178935,1707542251728434625,1707542251870518942
167772277,0,1707542251729182172,1707542251732638524,0,0,1707542251748206429,0,0,1707542251818213377,1707542251733921396,0,0,1707542251734828036,1707542251734847550,1707542251818222691,1707542251821339183,1707542251822283518,1707542251822286354,1707542251835278811,1707542251835288986,0,0,1707542251835422732,1707542251835430581,0,0,1707542251835502322,1707542251835564379,1707542251835776438,1707542251836064690,1707542251836845710,1707542251836846343,1707542251838079505,1707542251734851093,0,0,1707542251737627400,1707542251740182744,1707542251838255923
167772278,0,1707542251718049109,1707542251719050728,0,0,1707542251802563978,0,0,1707542251854654705,1707542251724450528,0,0,1707542251728626596,1707542251728640427,1707542251854666378,1707542251857738652,1707542251858536570,1707542251858538098,1707542251870543088,1707542251870548996,0,0,1707542251870665803,1707542251870671591,0,0,1707542251870727990,1707542251870773917,1707542251870976804,1707542251871425465,1707542251872299165,1707542251872299654,1707542251873766806,1707542251728643274,0,0,1707542251731235295,1707542251734215160,1707542251873939579
167772279,0,1707542251730655343,1707542251732657460,0,0,1707542251816203929,0,0,1707542251860354556,1707542251733389079,0,0,1707542251738367016,1707542251738384738,1707542251860364060,1707542251863461969,1707542251864251712,1707542251864253538,1707542251874982005,1707542251874988328,0,0,1707542251875058144,1707542251875063325,0,0,1707542251875114976,1707542251875162625,1707542251875374062,1707542251875869417,1707542251876736656,1707542251876737195,1707542251876833650,1707542251738387518,0,0,1707542251739410675,1707542251740687292,1707542251876999991
167772280,0,1707542251727956833,1707542251731087503,0,0,1707542251782504374,0,0,1707542251841633302,1707542251731857909,0,0,1707542251734826603,1707542251734847834,1707542251841646048,1707542251844723538,1707542251845592349,1707542251845595592,1707542251857803702,1707542251857809921,0,0,1707542251857869837,1707542251857877778,0,0,1707542251857953475,1707542251858014678,1707542251858158022,1707542251859791100,1707542251860599516,1707542251860600195,1707542251862921291,1707542251734851468,0,0,1707542251737401501,1707542251739192930,1707542251863112088
167772281,0,1707542251723559871,1707542251725814426,0,0,1707542251798301739,0,0,1707542251852761539,1707542251727461045,0,0,1707542251727634249,1707542251727715248,1707542251852771600,1707542251855854663,1707542251856676798,1707542251856678474,1707542251869650292,1707542251869656975,0,0,1707542251869751011,1707542251869758600,0,0,1707542251869822096,1707542251869879259,1707542251870092577,1707542251870543587,1707542251871409918,1707542251871410451,1707542251872734147,1707542251727719238,0,0,1707542251729140110,1707542251731625239,1707542251872904305
167772282,0,1707542251727956819,1707542251728957612,0,0,1707542251778525859,0,0,1707542251838094670,1707542251729948438,0,0,1707542251731031685,1707542251731054228,1707542251838109408,1707542251841243905,1707542251842053373,1707542251842055608,1707542251853153836,1707542251853161092,0,0,1707542251853297698,1707542251853304736,0,0,1707542251853365277,1707542251853420704,1707542251853623952,1707542251854157000,1707542251854954923,1707542251854955609,1707542251857570005,1707542251731057180,0,0,1707542251732681608,1707542251734204772,1707542251857746277
167772283,0,1707542251727957146,1707542251729411871,0,0,1707542251796047443,0,0,1707542251851186397,1707542251731017138,0,0,1707542251737796532,1707542251737814759,1707542251851197010,1707542251854261886,1707542251855056050,1707542251855057538,1707542251867857144,1707542251867863161,0,0,1707542251867920738,1707542251867928271,0,0,1707542251867994221,1707542251868054037,1707542251868264089,1707542251868760331,1707542251869633691,1707542251869634224,1707542251871033259,1707542251737817862,0,0,1707542251739409729,1707542251740669944,1707542251871222995
167772284,0,1707542251730370577,1707542251732149899,0,0,1707542251775809129,0,0,1707542251837331884,1707542251734920772,0,0,1707542251736871122,1707542251736896737,1707542251837348428,1707542251840467547,1707542251842284287,1707542251842288430,1707542251854157499,1707542251854164204,0,0,1707542251854194116,1707542251854199578,0,0,1707542251854255360,1707542251854306860,1707542251854551256,1707542251854980950,1707542251856921740,1707542251856922555,1707542251858285793,1707542251736900601,0,0,1707542251737380145,1707542251739656937,1707542251858586083
167772285,0,1707542251738076727,1707542251739315123,0,0,1707542251791701366,0,0,1707542251846123453,1707542251739828574,0,0,1707542251740006062,1707542251740025213,1707542251846132633,1707542251849201049,1707542251850302795,1707542251850305324,1707542251864283549,1707542251864291103,0,0,1707542251864381545,1707542251864389278,0,0,1707542251864462104,1707542251864526315,1707542251864745503,1707542251865174193,1707542251866066850,1707542251866067423,1707542251867452001,1707542251740029271,0,0,1707542251740246797,1707542251742459653,1707542251867623376
167772286,0,1707542251734632020,1707542251735720599,0,0,1707542251806188397,0,0,1707542251855527621,1707542251736332351,0,0,1707542251739055042,1707542251739077295,1707542251855538448,1707542251858600795,1707542251859423448,1707542251859425148,1707542251872315243,1707542251872321042,0,0,1707542251872365149,1707542251872371376,0,0,1707542251872432511,1707542251872481806,1707542251872683483,1707542251873199255,1707542251874076137,1707542251874076701,1707542251875427239,1707542251739081487,0,0,1707542251739406148,1707542251740689250,1707542251875610148
167772287,0,1707542251743630015,1707542251745291822,0,0,1707542251795850939,0,0,1707542251851984336,1707542251745768292,0,0,1707542251747420936,1707542251747441558,1707542251851997437,1707542251855074685,1707542251855926430,1707542251855929106,1707542251868759333,1707542251868765785,0,0,1707542251868826858,1707542251868836711,0,0,1707542251868894697,1707542251868945391,1707542251869155108,1707542251869649050,1707542251870527773,1707542251870528313,1707542251871933074,1707542251747445152,0,0,1707542251747726383,1707542251749885922,1707542251872126361
167772288,0,1707542251740666353,1707542251742845879,0,0,1707542251843331438,0,0,1707542251861003931,1707542251743365334,0,0,1707542251743754331,1707542251743768939,1707542251861013986,1707542251864088220,1707542251866015432,1707542251866017860,1707542251875868933,1707542251875875292,0,0,1707542251875907024,1707542251875911618,0,0,1707542251875962055,1707542251876001517,1707542251876191442,1707542251876754269,1707542251877538331,1707542251877538794,1707542251877656341,1707542251743771087,0,0,1707542251743965516,1707542251745283619,1707542251877926258
167772289,0,1707542251740666467,1707542251741915130,0,0,1707542251808694158,0,0,1707542251858250520,1707542251742572042,0,0,1707542251742762746,1707542251742784848,1707542251858260369,1707542251861321370,1707542251862122836,1707542251862124611,1707542251873199686,1707542251873211105,0,0,1707542251873328506,1707542251873334213,0,0,1707542251873390808,1707542251873437240,1707542251873649386,1707542251874094139,1707542251874965034,1707542251874965558,1707542251876248214,1707542251742789200,0,0,1707542251743068018,1707542251744511220,1707542251876407876
167772290,0,1707542251743331012,1707542251744527839,0,0,1707542251806020338,0,0,1707542251857545146,1707542251745264746,0,0,1707542251746953839,1707542251746980267,1707542251857557182,1707542251860632613,1707542251862343684,1707542251862348120,1707542251874093638,1707542251874100695,0,0,1707542251874209613,1707542251874214302,0,0,1707542251874265691,1707542251874307087,1707542251874510613,1707542251874981799,1707542251875852944,1707542251875853441,1707542251876781025,1707542251746983986,0,0,1707542251748365432,1707542251751204519,1707542251876957603
167772291,0,1707542251746116363,1707542251747736762,0,0,1707542251775260682,0,0,1707542251836519629,1707542251748299262,0,0,1707542251748465502,1707542251748481922,1707542251836534379,1707542251839617098,1707542251840441710,1707542251840443647,1707542251852363706,1707542251852369727,0,0,1707542251852445421,1707542251852451760,0,0,1707542251852513164,1707542251852564674,1707542251852691061,1707542251853184082,1707542251854137555,1707542251854138211,1707542251855524360,1707542251748484969,0,0,1707542251748855286,1707542251750150131,1707542251855803951
167772292,0,1707542251745205764,1707542251746320700,0,0,1707542251799803627,0,0,1707542251853730487,1707542251747278311,0,0,1707542251747765228,1707542251747780576,1707542251853745916,1707542251856922996,1707542251858821078,1707542251858824665,1707542251871424827,1707542251871430389,0,0,1707542251871526158,1707542251871533763,0,0,1707542251871605212,1707542251871670277,1707542251871875580,1707542251872316306,1707542251873183597,1707542251873184072,1707542251874558138,1707542251747783656,0,0,1707542251748103339,1707542251749991731,1707542251874724705
