2024-02-04 04:59:29.922420 [debug] request_service_svcb_record SVCB SERVICE REQUEST SEND
2024-02-04 04:59:29.929392 [debug] Joining to multicast group 224.244.224.245 from 10.0.0.2
2024-02-04 04:59:29.931250 [debug] service_svcb_resolve_callback SVCB SERVICE RESPONSE RECEIVE
2024-02-04 04:59:29.932009 [debug] validate_offer VALIDATE OFFER START
2024-02-04 04:59:29.933275 [debug] request_service_tlsa_record TLSA SERVICE REQUEST SEND
2024-02-04 04:59:29.936415 [debug] service_tlsa_resolve_callback TLSA SERVICE RESPONSE RECEIVE
2024-02-04 04:59:29.946097 [debug] validate_subscribe_ack_and_verify_signature VERIFY SERVICE SIGNATURE START
2024-02-04 04:59:29.131817 [debug] on_find_debounce_timer_expired FIND SEND
2024-02-04 04:59:29.141255 [debug] process_serviceentry OFFER RECEIVE
2024-02-04 04:59:29.141838 [debug] validate_offer VALIDATE OFFER START
2024-02-04 04:59:29.142266 [debug] validate_offer VALIDATE OFFER END
2024-02-04 04:59:29.175545 [debug] process_authentication_for_created_subscribe CLIENT SIGN START
2024-02-04 04:59:29.176040 [debug] process_authentication_for_created_subscribe INSERT BLINDED SECRET
2024-02-04 04:59:29.187088 [debug] process_authentication_for_created_subscribe CLIENT SIGN END
2024-02-04 04:59:29.187528 [debug] create_eventgroup_entry SUBSCRIBE SEND
2024-02-04 04:59:30.111043 [debug] process_serviceentry OFFER RECEIVE
2024-02-04 04:59:30.111848 [debug] validate_offer VALIDATE OFFER START
2024-02-04 04:59:30.112196 [debug] validate_offer VALIDATE OFFER END
2024-02-04 04:59:30.112695 [debug] process_authentication_for_created_subscribe CLIENT SIGN START
2024-02-04 04:59:30.113108 [debug] process_authentication_for_created_subscribe INSERT BLINDED SECRET
2024-02-04 04:59:30.121775 [debug] process_authentication_for_created_subscribe CLIENT SIGN END
2024-02-04 04:59:30.122154 [debug] create_eventgroup_entry SUBSCRIBE SEND
2024-02-04 04:59:30.143873 [debug] process_eventgroupentry SUBSCRIBE ACK RECEIVE
2024-02-04 04:59:30.144573 [debug] process_authentication_for_received_subscribe_ack EXTRACT BLINDED SECRET + ENCRYPTED GROUP SECRET
2024-02-04 04:59:30.144946 [debug] validate_subscribe_ack_and_verify_signature VERIFY SERVICE SIGNATURE START
2024-02-04 04:59:30.147223 [debug] validate_subscribe_ack_and_verify_signature VERIFY SERVICE SIGNATURE END
2024-02-04 04:59:30.148494 [debug] validate_subscribe_ack_and_verify_signature DECRYPT GROUP SECRET
2024-02-04 04:59:32.112313 [debug] Leaving the multicast group 224.244.224.245 from 10.0.0.2
2024-02-04 04:59:32.113013 [debug] Joining to multicast group 224.244.224.245 from 10.0.0.2