HOST,PUBLISHER_APP_INITIALIZATION,SUBSCRIBER_APP_INITIALIZATION_START,SUBSCRIBER_APP_INITIALIZATION_END,GENERATE_OFFER_NONCE_START,GENERATE_OFFER_NONCE_END,FIND_SEND,FIND_RECEIVE,OFFER_SEND,OFFER_RECEIVE,SVCB_SERVICE_REQUEST_SEND,SVCB_SERVICE_REQUEST_RECEIVE,SVCB_SERVICE_RESPONSE_SEND,SVCB_SERVICE_RESPONSE_RECEIVE,VALIDATE_OFFER_START,VALIDATE_OFFER_END,CLIENT_SIGN_START,CLIENT_SIGN_END,SUBSCRIBE_SEND,SUBSCRIBE_RECEIVE,SVCB_CLIENT_REQUEST_SEND,SVCB_CLIENT_REQUEST_RECEIVE,SVCB_CLIENT_RESPONSE_SEND,SVCB_CLIENT_RESPONSE_RECEIVE,TLSA_CLIENT_REQUEST_SEND,TLSA_CLIENT_REQUEST_RECEIVE,TLSA_CLIENT_RESPONSE_SEND,TLSA_CLIENT_RESPONSE_RECEIVE,VERIFY_CLIENT_SIGNATURE_START,VERIFY_CLIENT_SIGNATURE_END,SERVICE_SIGN_START,SERVICE_SIGN_END,SUBSCRIBE_ACK_SEND,SUBSCRIBE_ACK_RECEIVE,TLSA_SERVICE_REQUEST_SEND,TLSA_SERVICE_REQUEST_RECEIVE,TLSA_SERVICE_RESPONSE_SEND,TLSA_SERVICE_RESPONSE_RECEIVE,VERIFY_SERVICE_SIGNATURE_START,VERIFY_SERVICE_SIGNATURE_END
167772162,0,1707551580019458726,1707551580020681211,0,0,1707551580058808096,0,0,1707551580059031684,1707551580023759628,0,0,1707551580025421321,1707551580025525397,1707551580059042879,1707551580062157840,1707551580064005732,1707551580064009397,1707551580066899181,1707551580066906095,0,0,1707551580066971850,1707551580066980842,0,0,1707551580067092039,1707551580067167467,1707551580067292435,1707551580067677102,1707551580068420969,1707551580068421730,1707551580068617621,1707551580025539177,0,0,1707551580026876652,1707551580028762555,1707551580068895856
167772163,0,1707551580020777229,1707551580021840791,0,0,1707551580054943009,0,0,1707551580056663591,1707551580027010374,0,0,1707551580029578152,1707551580029603219,1707551580056674430,1707551580059804808,1707551580061883045,1707551580061886733,1707551580065133532,1707551580065140621,0,0,1707551580065240899,1707551580065246951,0,0,1707551580065400130,1707551580065474301,1707551580065608170,1707551580065996394,1707551580066746776,1707551580066747411,1707551580066776372,1707551580029606172,0,0,1707551580031946932,1707551580033618793,1707551580066954289
167772164,0,1707551580020808800,1707551580021858397,0,0,1707551580051727659,0,0,1707551580056509274,1707551580028474500,0,0,1707551580029591789,1707551580029607007,1707551580056518415,1707551580059836359,1707551580060883526,1707551580060886840,1707551580063168526,1707551580063179085,0,0,1707551580063282481,1707551580063291215,0,0,1707551580063407787,1707551580063487461,1707551580063707575,1707551580064266159,1707551580065088793,1707551580065089811,1707551580065262363,1707551580029609297,0,0,1707551580030146890,1707551580031747775,1707551580065575270
167772165,0,1707551580020562670,1707551580021638188,0,0,1707551580054710450,0,0,1707551580056658803,1707551580026492753,0,0,1707551580027903365,1707551580027954099,1707551580056672446,1707551580059803256,1707551580060721849,1707551580060726311,1707551580061751019,1707551580061761228,0,0,1707551580061911370,1707551580061920726,0,0,1707551580062143722,1707551580062256497,1707551580062481219,1707551580063161045,1707551580063929772,1707551580063930504,1707551580064010961,1707551580027960854,0,0,1707551580028992770,1707551580030416087,1707551580064182535
167772166,0,1707551580021399030,1707551580022584548,0,0,1707551580043454565,0,0,1707551580045263294,1707551580026276754,0,0,1707551580028377526,1707551580028408497,1707551580045288512,1707551580049642825,1707551580051820221,1707551580051828239,1707551580054119561,1707551580054131540,0,0,1707551580054264358,1707551580054279133,0,0,1707551580054771056,1707551580054938432,1707551580055272661,1707551580056418022,1707551580057435779,1707551580057436920,1707551580057493366,1707551580028411035,0,0,1707551580030561292,1707551580032226070,1707551580057684856
167772167,0,1707551580020332246,1707551580021319748,0,0,1707551580082950576,0,0,1707551580083303739,1707551580025162624,0,0,1707551580026447200,1707551580026486828,1707551580083313207,1707551580086497039,1707551580087420783,1707551580087424494,1707551580087473186,1707551580087486699,0,0,1707551580087583315,1707551580087592219,0,0,1707551580087693244,1707551580087767605,1707551580088008374,1707551580088769994,1707551580090610913,1707551580090611950,1707551580090705749,1707551580026492873,0,0,1707551580029791967,1707551580031106290,1707551580090985582
167772168,0,1707551580021746998,1707551580022997991,0,0,1707551580086759980,0,0,1707551580086994203,1707551580029649244,0,0,1707551580029878992,1707551580029893345,1707551580087007810,1707551580090123782,1707551580090911627,1707551580090912849,1707551580090995218,1707551580091005230,0,0,1707551580091107947,1707551580091118226,0,0,1707551580091484479,1707551580091631939,1707551580091859984,1707551580092531288,1707551580093434165,1707551580093434979,1707551580093517018,1707551580029895998,0,0,1707551580031315781,1707551580032699623,1707551580093711964
167772169,0,1707551580021159208,1707551580025166515,0,0,1707551580040650992,0,0,1707551580043506378,1707551580028194777,0,0,1707551580028547460,1707551580028566603,1707551580043526048,1707551580046819867,1707551580048232782,1707551580048251503,1707551580048508985,1707551580048543358,0,0,1707551580048739224,1707551580048759749,0,0,1707551580049194618,1707551580050449377,1707551580050913853,1707551580051773328,1707551580053920721,1707551580053924151,1707551580056216978,1707551580028569283,0,0,1707551580030070140,1707551580031339579,1707551580056424310
167772170,0,1707551580028810074,1707551580030045299,0,0,1707551580107508613,0,0,1707551580108908024,1707551580031315502,0,0,1707551580031949004,1707551580031982823,1707551580108920044,1707551580112077208,1707551580113300501,1707551580113301695,1707551580113536083,1707551580113544407,0,0,1707551580113742385,1707551580113752102,0,0,1707551580113881530,1707551580113995508,1707551580114139406,1707551580114545347,1707551580115201472,1707551580115202169,1707551580115379584,1707551580031986205,0,0,1707551580033029346,1707551580034437548,1707551580115555688
167772171,0,1707551580023788607,1707551580028553251,0,0,1707551580044224327,0,0,1707551580044482000,1707551580029337789,0,0,1707551580029693075,1707551580029704791,1707551580044501437,1707551580048172553,1707551580049701184,1707551580049710663,1707551580051917364,1707551580051942845,0,0,1707551580052176727,1707551580052200439,0,0,1707551580052500663,1707551580052819472,1707551580053147879,1707551580054070271,1707551580056380818,1707551580056382443,1707551580056650596,1707551580029707413,0,0,1707551580030242117,1707551580031544420,1707551580056841282
167772172,0,1707551580030098938,1707551580031255507,0,0,1707551580130955547,0,0,1707551580131313920,1707551580032573185,0,0,1707551580033309726,1707551580033335060,1707551580131330126,1707551580134513181,1707551580135690017,1707551580135693330,1707551580135916307,1707551580135928352,0,0,1707551580136154273,1707551580136169974,0,0,1707551580136397075,1707551580136574974,1707551580136754811,1707551580138422658,1707551580139675382,1707551580139677093,1707551580139793707,1707551580033338497,0,0,1707551580033832644,1707551580035247331,1707551580140018607
167772173,0,1707551580030571330,1707551580031623571,0,0,1707551580118567621,0,0,1707551580118824427,1707551580032488329,0,0,1707551580033534066,1707551580033552296,1707551580118837033,1707551580121962220,1707551580124439044,1707551580124442386,1707551580124668394,1707551580124678660,0,0,1707551580124870460,1707551580124882065,0,0,1707551580125173533,1707551580125392100,1707551580125535773,1707551580125965858,1707551580126805223,1707551580126806060,1707551580126963986,1707551580033555667,0,0,1707551580033882008,1707551580034935641,1707551580127312728
167772174,0,1707551580030652386,1707551580031689030,0,0,1707551580099267442,0,0,1707551580099498272,1707551580033140032,0,0,1707551580034027200,1707551580034042324,1707551580099510504,1707551580102608732,1707551580103885888,1707551580103890349,1707551580103990225,1707551580104002524,0,0,1707551580104095881,1707551580104107105,0,0,1707551580104257735,1707551580104404497,1707551580104599589,1707551580105004842,1707551580105775861,1707551580105776793,1707551580105827607,1707551580034044772,0,0,1707551580034443364,1707551580035716322,1707551580106105537
167772175,0,1707551580029694790,1707551580030638373,0,0,1707551580102987092,0,0,1707551580103230644,1707551580032595148,0,0,1707551580033007415,1707551580033037973,1707551580103243101,1707551580106365516,1707551580107635841,1707551580107638845,1707551580108012882,1707551580108021610,0,0,1707551580108182887,1707551580108192935,0,0,1707551580108334830,1707551580108450559,1707551580108599999,1707551580108978815,1707551580109705722,1707551580109706295,1707551580109784335,1707551580033041321,0,0,1707551580033848577,1707551580035120165,1707551580109978987
167772176,0,1707551580030353957,1707551580031246439,0,0,1707551580085757846,0,0,1707551580085954505,1707551580034039060,0,0,1707551580034165960,1707551580034176358,1707551580085967024,1707551580089070348,1707551580089873973,1707551580089875462,1707551580089918178,1707551580089929647,0,0,1707551580090029267,1707551580090036800,0,0,1707551580090120129,1707551580090192131,1707551580090338031,1707551580090737814,1707551580091544893,1707551580091545669,1707551580091643222,1707551580034178095,0,0,1707551580034489945,1707551580035715411,1707551580091826588
167772177,0,1707551580033200111,1707551580034557705,0,0,1707551580102083497,0,0,1707551580102321196,1707551580035393421,0,0,1707551580035513672,1707551580035527134,1707551580102331674,1707551580105459361,1707551580106245629,1707551580106246810,1707551580106594425,1707551580106605728,0,0,1707551580106786562,1707551580106796979,0,0,1707551580106951461,1707551580107044537,1707551580107273434,1707551580107996095,1707551580108721034,1707551580108721690,1707551580108761235,1707551580035529157,0,0,1707551580035633768,1707551580036493985,1707551580108957618
167772178,0,1707551580037331715,1707551580038104310,0,0,1707551580053686669,0,0,1707551580056483935,1707551580038509011,0,0,1707551580040478545,1707551580040507496,1707551580056496841,1707551580059780989,1707551580060690660,1707551580060692341,1707551580060787046,1707551580060800103,0,0,1707551580060925706,1707551580060937389,0,0,1707551580061046433,1707551580061160322,1707551580061300444,1707551580061707943,1707551580062479772,1707551580062481441,1707551580062526064,1707551580040511414,0,0,1707551580042610764,1707551580043947775,1707551580062701456
167772179,0,1707551580037964393,1707551580039447351,0,0,1707551580100104382,0,0,1707551580100417098,1707551580039940986,0,0,1707551580040491175,1707551580040508822,1707551580100428786,1707551580103540824,1707551580104334376,1707551580104335871,1707551580105134108,1707551580105145833,0,0,1707551580105252291,1707551580105261394,0,0,1707551580105459133,1707551580105659609,1707551580105893081,1707551580106583398,1707551580107859137,1707551580107859954,1707551580108006015,1707551580040511547,0,0,1707551580041067810,1707551580042455033,1707551580108184280
167772180,0,1707551580037258739,1707551580038139049,0,0,1707551580058806205,0,0,1707551580058978380,1707551580039503202,0,0,1707551580040493796,1707551580040511696,1707551580058989336,1707551580062063847,1707551580062866949,1707551580062868427,1707551580066004698,1707551580066012277,0,0,1707551580066113209,1707551580066123054,0,0,1707551580066289925,1707551580066376622,1707551580066508661,1707551580066892498,1707551580067639658,1707551580067640308,1707551580067669673,1707551580040514250,0,0,1707551580043489306,1707551580044952718,1707551580067866068
167772181,0,1707551580042422101,1707551580044232119,0,0,1707551580088551208,0,0,1707551580088881618,1707551580047978406,0,0,1707551580048754543,1707551580048769453,1707551580088891418,1707551580091968179,1707551580092928375,1707551580092929840,1707551580094658924,1707551580094669808,0,0,1707551580094779010,1707551580094787443,0,0,1707551580095114850,1707551580095247601,1707551580095473675,1707551580096512134,1707551580098102745,1707551580098103989,1707551580098384435,1707551580048772092,0,0,1707551580049471298,1707551580050661321,1707551580098574960
167772182,0,1707551580043204416,1707551580044255773,0,0,1707551580079641198,0,0,1707551580080109526,1707551580045829736,0,0,1707551580046815650,1707551580046858446,1707551580080120918,1707551580083274578,1707551580084095853,1707551580084097272,1707551580084209572,1707551580084223430,0,0,1707551580084410312,1707551580084423221,0,0,1707551580084641574,1707551580084895108,1707551580085127415,1707551580085811463,1707551580087728823,1707551580087730027,1707551580087805777,1707551580046863546,0,0,1707551580047655733,1707551580049527529,1707551580088062910
167772183,0,1707551580041976744,1707551580042824089,0,0,1707551580071377456,0,0,1707551580071760968,1707551580043351512,0,0,1707551580044188931,1707551580044209038,1707551580071813442,1707551580075079751,1707551580075791949,1707551580075793678,1707551580076104097,1707551580076126571,0,0,1707551580076476030,1707551580076491219,0,0,1707551580076673761,1707551580076938295,1707551580077110218,1707551580077539851,1707551580078268582,1707551580078269370,1707551580078652738,1707551580044213225,0,0,1707551580044713709,1707551580046519182,1707551580078853533
167772184,0,1707551580044390367,1707551580045554420,0,0,1707551580057164838,0,0,1707551580057373250,1707551580047162941,0,0,1707551580048436879,1707551580048463562,1707551580057397348,1707551580060464972,1707551580061470122,1707551580061473211,1707551580064269350,1707551580064277726,0,0,1707551580064351776,1707551580064358192,0,0,1707551580064484770,1707551580064575117,1707551580064736341,1707551580065126308,1707551580065871655,1707551580065872291,1707551580065934475,1707551580048466381,0,0,1707551580048743052,1707551580049760455,1707551580066116981
167772185,0,1707551580044207190,1707551580045255847,0,0,1707551580133185322,0,0,1707551580133506965,1707551580049537714,0,0,1707551580050083548,1707551580050096547,1707551580133518555,1707551580136770498,1707551580140092866,1707551580140096405,1707551580140253193,1707551580140264508,0,0,1707551580140390740,1707551580140405096,0,0,1707551580140586310,1707551580140698079,1707551580140956300,1707551580141895031,1707551580144339361,1707551580144340955,1707551580144583187,1707551580050099134,0,0,1707551580050336104,1707551580051500754,1707551580144799109
167772186,0,1707551580045193371,1707551580046658500,0,0,1707551580111387536,0,0,1707551580111902538,1707551580048080656,0,0,1707551580048737240,1707551580048752411,1707551580111925549,1707551580115070698,1707551580116303233,1707551580116307578,1707551580116383249,1707551580116395041,0,0,1707551580116572931,1707551580116583197,0,0,1707551580116725091,1707551580116920376,1707551580117161394,1707551580117913200,1707551580118649628,1707551580118650578,1707551580118835959,1707551580048755576,0,0,1707551580049387010,1707551580051155134,1707551580119122407
167772187,0,1707551580043946984,1707551580045068094,0,0,1707551580094560449,0,0,1707551580096633084,1707551580048193976,0,0,1707551580049358641,1707551580049377342,1707551580096645095,1707551580099726524,1707551580100613399,1707551580100615825,1707551580100661041,1707551580100672729,0,0,1707551580100761861,1707551580100772534,0,0,1707551580100919731,1707551580101014956,1707551580101251557,1707551580101657906,1707551580102548157,1707551580102549379,1707551580102598867,1707551580049380146,0,0,1707551580050089115,1707551580051185058,1707551580102781576
167772188,0,1707551580043947544,1707551580045066854,0,0,1707551580115500870,0,0,1707551580115873057,1707551580048182089,0,0,1707551580049018536,1707551580049046323,1707551580115892258,1707551580118999741,1707551580120968020,1707551580120970695,1707551580121118884,1707551580121134178,0,0,1707551580121331292,1707551580121342822,0,0,1707551580121624616,1707551580121851891,1707551580121995459,1707551580122405759,1707551580123213021,1707551580123213953,1707551580123310611,1707551580049049699,0,0,1707551580049390535,1707551580050540219,1707551580123678491
167772189,0,1707551580049515798,1707551580050420894,0,0,1707551580141031981,0,0,1707551580142066673,1707551580050825302,0,0,1707551580051151428,1707551580051170563,1707551580142076066,1707551580145184181,1707551580146189769,1707551580146191478,1707551580146472353,1707551580146485051,0,0,1707551580146702498,1707551580146718999,0,0,1707551580146945646,1707551580147133626,1707551580147348289,1707551580147912494,1707551580148888316,1707551580148889219,1707551580149306658,1707551580051174033,0,0,1707551580051446399,1707551580052760993,1707551580149510973
167772190,0,1707551580051595948,1707551580052645588,0,0,1707551580087957649,0,0,1707551580088873209,1707551580053149559,0,0,1707551580053558587,1707551580053583803,1707551580088881658,1707551580091992303,1707551580092864293,1707551580092866355,1707551580093104888,1707551580093116154,0,0,1707551580093372073,1707551580093381829,0,0,1707551580093577153,1707551580093709580,1707551580093939020,1707551580094620647,1707551580096447259,1707551580096448300,1707551580096561453,1707551580053587338,0,0,1707551580053883727,1707551580054902197,1707551580096744439
167772191,0,1707551580052616199,1707551580053358580,0,0,1707551580132706035,0,0,1707551580133133791,1707551580053910842,0,0,1707551580054256020,1707551580054267431,1707551580133146695,1707551580136296794,1707551580137392254,1707551580137394278,1707551580138429516,1707551580138444101,0,0,1707551580138815494,1707551580138834995,0,0,1707551580139232228,1707551580139406203,1707551580139698590,1707551580140245518,1707551580141441467,1707551580141442327,1707551580142003514,1707551580054269472,0,0,1707551580054401261,1707551580055385309,1707551580142188164
167772192,0,1707551580050494510,1707551580051718978,0,0,1707551580128437926,0,0,1707551580128793997,1707551580052467612,0,0,1707551580052594759,1707551580052611937,1707551580128808447,1707551580132228724,1707551580134086145,1707551580134091691,1707551580134195818,1707551580134211531,0,0,1707551580134379739,1707551580134400311,0,0,1707551580134850328,1707551580135108897,1707551580135321236,1707551580135919029,1707551580138380683,1707551580138382608,1707551580139843268,1707551580052614174,0,0,1707551580052855803,1707551580053787333,1707551580140087502
