HOST,PUBLISHER_APP_INITIALIZATION,SUBSCRIBER_APP_INITIALIZATION_START,SUBSCRIBER_APP_INITIALIZATION_END,GENERATE_OFFER_NONCE_START,GENERATE_OFFER_NONCE_END,FIND_SEND,FIND_RECEIVE,OFFER_SEND,OFFER_RECEIVE,SVCB_SERVICE_REQUEST_SEND,SVCB_SERVICE_REQUEST_RECEIVE,SVCB_SERVICE_RESPONSE_SEND,SVCB_SERVICE_RESPONSE_RECEIVE,VALIDATE_OFFER_START,VALIDATE_OFFER_END,CLIENT_SIGN_START,CLIENT_SIGN_END,SUBSCRIBE_SEND,SUBSCRIBE_RECEIVE,SVCB_CLIENT_REQUEST_SEND,SVCB_CLIENT_REQUEST_RECEIVE,SVCB_CLIENT_RESPONSE_SEND,SVCB_CLIENT_RESPONSE_RECEIVE,TLSA_CLIENT_REQUEST_SEND,TLSA_CLIENT_REQUEST_RECEIVE,TLSA_CLIENT_RESPONSE_SEND,TLSA_CLIENT_RESPONSE_RECEIVE,VERIFY_CLIENT_SIGNATURE_START,VERIFY_CLIENT_SIGNATURE_END,SERVICE_SIGN_START,SERVICE_SIGN_END,SUBSCRIBE_ACK_SEND,SUBSCRIBE_ACK_RECEIVE,TLSA_SERVICE_REQUEST_SEND,TLSA_SERVICE_REQUEST_RECEIVE,TLSA_SERVICE_RESPONSE_SEND,TLSA_SERVICE_RESPONSE_RECEIVE,VERIFY_SERVICE_SIGNATURE_START,VERIFY_SERVICE_SIGNATURE_END
167772162,0,1707560765246321580,1707560765247499432,0,0,1707560765338045407,0,0,1707560765348551387,1707560765249228627,0,0,1707560765255009030,1707560765255027248,1707560765348568803,1707560765351697633,1707560765352495461,1707560765352497024,1707560765383546830,1707560765383560328,0,0,1707560765383661157,1707560765383672872,0,0,1707560765383930994,1707560765384062052,1707560765384324102,1707560765385715038,1707560765387921698,1707560765387924653,1707560765390994996,1707560765255031163,0,0,1707560765256863276,1707560765258707824,1707560765391285737
167772163,0,1707560765246293287,1707560765247316355,0,0,1707560765275844058,0,0,1707560765281571715,1707560765251975597,0,0,1707560765252302661,1707560765252323452,1707560765281586129,1707560765287298555,1707560765289577919,1707560765289595800,1707560765311619157,1707560765311637915,0,0,1707560765311796188,1707560765311813018,0,0,1707560765312105993,1707560765312299945,1707560765312623813,1707560765313614761,1707560765315913425,1707560765315916008,1707560765333660234,1707560765252326705,0,0,1707560765252715987,1707560765254406271,1707560765334047569
167772164,0,1707560765245732326,1707560765247073551,0,0,1707560765298314884,0,0,1707560765334994339,1707560765251407657,0,0,1707560765254683562,1707560765254706942,1707560765335269809,1707560765338494932,1707560765341778139,1707560765341789201,1707560765346422312,1707560765346432622,0,0,1707560765347111725,1707560765347121501,0,0,1707560765347283947,1707560765347386452,1707560765347625034,1707560765348549591,1707560765350711088,1707560765350713170,1707560765352811761,1707560765254710663,0,0,1707560765255322587,1707560765256496495,1707560765353118488
167772165,0,1707560765246298212,1707560765247336686,0,0,1707560765326872904,0,0,1707560765338061161,1707560765251034586,0,0,1707560765254846251,1707560765254866451,1707560765338090225,1707560765343361144,1707560765344476108,1707560765344484370,1707560765354900478,1707560765354911599,0,0,1707560765355025643,1707560765355041373,0,0,1707560765355214879,1707560765355343899,1707560765355524993,1707560765356164264,1707560765357431180,1707560765357432498,1707560765360545266,1707560765254869735,0,0,1707560765255490990,1707560765256722649,1707560765360918010
167772166,0,1707560765246720810,1707560765247765517,0,0,1707560765311413536,0,0,1707560765336922437,1707560765249539788,0,0,1707560765251981042,1707560765252028798,1707560765336949084,1707560765340109831,1707560765344423290,1707560765344432936,1707560765352815405,1707560765352823345,0,0,1707560765352930175,1707560765352938185,0,0,1707560765353048494,1707560765353209993,1707560765353437911,1707560765354842436,1707560765355639995,1707560765355641321,1707560765356270860,1707560765252035967,0,0,1707560765255199070,1707560765256455375,1707560765356639423
167772167,0,1707560765247912497,1707560765249771260,0,0,1707560765274416121,0,0,1707560765281324229,1707560765255007431,0,0,1707560765256554245,1707560765256572605,1707560765281341040,1707560765286656783,1707560765288956655,1707560765288974782,1707560765295027745,1707560765295056974,0,0,1707560765298270883,1707560765298307085,0,0,1707560765308332052,1707560765309475105,1707560765309796012,1707560765310748507,1707560765313172738,1707560765313175811,1707560765332662196,1707560765256575772,0,0,1707560765257618364,1707560765258973166,1707560765333081839
167772168,0,1707560765247889279,1707560765249770722,0,0,1707560765324120456,0,0,1707560765344947912,1707560765254236939,0,0,1707560765254976592,1707560765254991821,1707560765344973075,1707560765348523279,1707560765349765429,1707560765349769338,1707560765378661517,1707560765378670139,0,0,1707560765378866443,1707560765378882423,0,0,1707560765379122502,1707560765379251821,1707560765379460640,1707560765380013938,1707560765381062477,1707560765381063935,1707560765382557152,1707560765254994930,0,0,1707560765255267234,1707560765256739335,1707560765382748182
167772169,0,1707560765247889470,1707560765252889430,0,0,1707560765315586635,0,0,1707560765337700569,1707560765254714070,0,0,1707560765255095976,1707560765255110333,1707560765337742211,1707560765342754140,1707560765344338284,1707560765344347818,1707560765362901090,1707560765362913302,0,0,1707560765363023577,1707560765363034727,0,0,1707560765363137298,1707560765363327914,1707560765363497990,1707560765364079676,1707560765365425558,1707560765365427643,1707560765367820709,1707560765255113371,0,0,1707560765257637866,1707560765259001627,1707560765368085115
167772170,0,1707560765248056165,1707560765249770811,0,0,1707560765273528812,0,0,1707560765280938385,1707560765255908376,0,0,1707560765256495958,1707560765256515000,1707560765280962281,1707560765284593332,1707560765285687345,1707560765285699423,1707560765286513203,1707560765286538616,0,0,1707560765289280367,1707560765289310870,0,0,1707560765290355331,1707560765291910580,1707560765292437439,1707560765294982025,1707560765298604331,1707560765298610511,1707560765310772209,1707560765256518449,0,0,1707560765258685980,1707560765260157335,1707560765311085409
167772171,0,1707560765255673196,1707560765256604520,0,0,1707560765326490721,0,0,1707560765339938216,1707560765257441568,0,0,1707560765261784802,1707560765261801114,1707560765339965706,1707560765348296931,1707560765350817849,1707560765350824601,1707560765381545048,1707560765381555030,0,0,1707560765381668521,1707560765381678686,0,0,1707560765381785216,1707560765381869864,1707560765382039284,1707560765383572964,1707560765385669456,1707560765385670985,1707560765389596195,1707560765261804405,0,0,1707560765263415322,1707560765264731254,1707560765389903482
167772172,0,1707560765255734426,1707560765257498873,0,0,1707560765316934688,0,0,1707560765337770319,1707560765260341884,0,0,1707560765267672487,1707560765267695682,1707560765337790359,1707560765340936643,1707560765344586242,1707560765344593919,1707560765356232680,1707560765356242576,0,0,1707560765356347591,1707560765356360490,0,0,1707560765356552461,1707560765356660983,1707560765356864552,1707560765357467199,1707560765359211413,1707560765359213170,1707560765362333288,1707560765267698664,0,0,1707560765267919702,1707560765269158643,1707560765362634995
167772173,0,1707560765255006726,1707560765257845756,0,0,1707560765284080909,0,0,1707560765286236813,1707560765261447513,0,0,1707560765261723015,1707560765261739718,1707560765286272078,1707560765289672134,1707560765291125840,1707560765291134202,1707560765314369055,1707560765314390563,0,0,1707560765321130150,1707560765321171950,0,0,1707560765330237624,1707560765330570098,1707560765330936237,1707560765333348247,1707560765335576357,1707560765335578559,1707560765335728967,1707560765261743031,0,0,1707560765261995475,1707560765263262000,1707560765336148167
167772174,0,1707560765255603341,1707560765256576306,0,0,1707560765331936255,0,0,1707560765344069754,1707560765260457239,0,0,1707560765261016435,1707560765261050234,1707560765344089666,1707560765347237405,1707560765348370653,1707560765348374257,1707560765375873592,1707560765375885462,0,0,1707560765376031050,1707560765376045977,0,0,1707560765376198736,1707560765376403479,1707560765376673795,1707560765377269302,1707560765378233545,1707560765378234598,1707560765380026104,1707560765261055949,0,0,1707560765261401231,1707560765266013141,1707560765380358138
167772175,0,1707560765254190142,1707560765256294223,0,0,1707560765311695931,0,0,1707560765337219906,1707560765261274367,0,0,1707560765261563014,1707560765261583154,1707560765337245125,1707560765341001558,1707560765346401969,1707560765346410402,1707560765373779783,1707560765373792244,0,0,1707560765373892095,1707560765373905306,0,0,1707560765374696138,1707560765374854716,1707560765375145772,1707560765375875008,1707560765376982364,1707560765376983619,1707560765378658174,1707560765261587034,0,0,1707560765261907586,1707560765263189448,1707560765379053106
167772176,0,1707560765254906724,1707560765257052102,0,0,1707560765314765150,0,0,1707560765337629863,1707560765257557116,0,0,1707560765257857759,1707560765257880958,1707560765337652555,1707560765340825248,1707560765343739749,1707560765343748961,1707560765350751469,1707560765350765943,0,0,1707560765350845647,1707560765350856639,0,0,1707560765350978555,1707560765351075506,1707560765351244211,1707560765351744638,1707560765352540507,1707560765352541451,1707560765354205337,1707560765257884732,0,0,1707560765258812639,1707560765260341897,1707560765354391490
167772177,0,1707560765257098840,1707560765258107153,0,0,1707560765308343949,0,0,1707560765338114120,1707560765258520065,0,0,1707560765261922524,1707560765261937987,1707560765338136466,1707560765341877402,1707560765344920903,1707560765344931486,1707560765360701616,1707560765360715254,0,0,1707560765360902983,1707560765360926683,0,0,1707560765361082607,1707560765361171441,1707560765361409288,1707560765362346825,1707560765363727169,1707560765363728357,1707560765366365193,1707560765261941112,0,0,1707560765262304599,1707560765266429090,1707560765366582566
167772178,0,1707560765265109863,1707560765268586533,0,0,1707560765342917368,0,0,1707560765356057675,1707560765274684133,0,0,1707560765277967375,1707560765277982495,1707560765356069025,1707560765359310386,1707560765360766085,1707560765360771646,1707560765392537010,1707560765392550624,0,0,1707560765392790609,1707560765392812182,0,0,1707560765393044847,1707560765393186045,1707560765393474376,1707560765394359689,1707560765396297155,1707560765396298450,1707560765398711435,1707560765277985244,0,0,1707560765279604585,1707560765280817183,1707560765399012837
167772179,0,1707560765269124692,1707560765286302902,0,0,1707560765350194868,0,0,1707560765370542045,1707560765298993817,0,0,1707560765303439689,1707560765303462774,1707560765370554488,1707560765373649902,1707560765375251588,1707560765375257298,1707560765404186640,1707560765404200004,0,0,1707560765404320108,1707560765404332887,0,0,1707560765404476589,1707560765404585732,1707560765404769852,1707560765405340116,1707560765406411013,1707560765406412409,1707560765409200861,1707560765303466019,0,0,1707560765310953109,1707560765314782687,1707560765409405988
167772180,0,1707560765263621117,1707560765267434110,0,0,1707560765298883952,0,0,1707560765335480676,1707560765270587055,0,0,1707560765270996737,1707560765271043204,1707560765335498502,1707560765338662496,1707560765340899045,1707560765340906506,1707560765344581304,1707560765344598192,0,0,1707560765344720327,1707560765344846309,0,0,1707560765345021065,1707560765345217724,1707560765345541530,1707560765346425360,1707560765347397396,1707560765347398434,1707560765349857091,1707560765271049301,0,0,1707560765271415744,1707560765273068566,1707560765350162676
167772181,0,1707560765265784250,1707560765282405042,0,0,1707560765302849205,0,0,1707560765335694169,1707560765283691048,0,0,1707560765284661180,1707560765284687119,1707560765335708622,1707560765339064377,1707560765346267409,1707560765346274948,1707560765372394899,1707560765372407148,0,0,1707560765372508043,1707560765372519070,0,0,1707560765372645454,1707560765372732165,1707560765372965184,1707560765373761159,1707560765375830728,1707560765375832744,1707560765378686128,1707560765284689963,0,0,1707560765285955900,1707560765287233592,1707560765378938579
167772182,0,1707560765267313802,1707560765268620010,0,0,1707560765364091362,0,0,1707560765387448571,1707560765273849547,0,0,1707560765277613516,1707560765277627981,1707560765387459430,1707560765390601012,1707560765391626323,1707560765391630808,1707560765415580151,1707560765415588035,0,0,1707560765415683516,1707560765415693216,0,0,1707560765415814372,1707560765415917000,1707560765416064148,1707560765416505434,1707560765417413954,1707560765417414993,1707560765419292426,1707560765277630503,0,0,1707560765278081424,1707560765279207069,1707560765419586732
167772183,0,1707560765265658111,1707560765280186605,0,0,1707560765364093356,0,0,1707560765385486684,1707560765282048348,0,0,1707560765284837350,1707560765284869765,1707560765385500573,1707560765388646190,1707560765390508816,1707560765390512118,1707560765413668221,1707560765413678329,0,0,1707560765413791350,1707560765413804812,0,0,1707560765413964798,1707560765414073002,1707560765414214825,1707560765414671554,1707560765415474005,1707560765415475102,1707560765416528168,1707560765284874754,0,0,1707560765285988433,1707560765287268473,1707560765416864728
167772184,0,1707560765268286708,1707560765269319991,0,0,1707560765296653038,0,0,1707560765332042648,1707560765270840193,0,0,1707560765277161959,1707560765277193053,1707560765332065799,1707560765335336139,1707560765339358806,1707560765339368168,1707560765340030375,1707560765340050921,0,0,1707560765340962680,1707560765340980185,0,0,1707560765342129611,1707560765342264186,1707560765342557824,1707560765344064813,1707560765346390710,1707560765346392616,1707560765349741883,1707560765277197647,0,0,1707560765277500799,1707560765278734576,1707560765350018127
167772185,0,1707560765269803924,1707560765292047921,0,0,1707560765406451721,0,0,1707560765441769025,1707560765328689160,0,0,1707560765329818250,1707560765329839109,1707560765441781996,1707560765444935099,1707560765445600374,1707560765445601349,1707560765460709324,1707560765460717597,0,0,1707560765460779867,1707560765460788399,0,0,1707560765460896137,1707560765461003897,1707560765461126977,1707560765462470891,1707560765463097579,1707560765463098181,1707560765463243747,1707560765329842508,0,0,1707560765333434818,1707560765334638720,1707560765463476385
167772186,0,1707560765272904409,1707560765291779978,0,0,1707560765330153240,0,0,1707560765338271531,1707560765325293610,0,0,1707560765326824563,1707560765327547293,1707560765338297634,1707560765341559641,1707560765345185779,1707560765345193563,1707560765366394883,1707560765366409836,0,0,1707560765366555537,1707560765366570700,0,0,1707560765366741255,1707560765366954078,1707560765367124531,1707560765368787323,1707560765369848379,1707560765369849890,1707560765371710202,1707560765327555722,0,0,1707560765334950493,1707560765337307389,1707560765371954028
167772187,0,1707560765275501936,1707560765298232185,0,0,1707560765373925474,0,0,1707560765403175752,1707560765301313667,0,0,1707560765308959190,1707560765308980369,1707560765403194228,1707560765406385094,1707560765407634697,1707560765407639795,1707560765427731361,1707560765427740054,0,0,1707560765427808457,1707560765427818566,0,0,1707560765427944691,1707560765428023489,1707560765428177295,1707560765429646532,1707560765430543119,1707560765430543813,1707560765431492121,1707560765308983654,0,0,1707560765311699409,1707560765313190170,1707560765431753125
167772188,0,1707560765268971652,1707560765287590150,0,0,1707560765373678439,0,0,1707560765400942567,1707560765296496962,0,0,1707560765297657201,1707560765297678458,1707560765400971058,1707560765404073089,1707560765405049058,1707560765405050948,1707560765426412322,1707560765426423018,0,0,1707560765426493107,1707560765426503084,0,0,1707560765426627726,1707560765426709937,1707560765426945989,1707560765427669437,1707560765429573512,1707560765429574822,1707560765431374929,1707560765297682147,0,0,1707560765301467572,1707560765302771497,1707560765431664496
167772189,0,1707560765269442755,1707560765291288034,0,0,1707560765389827459,0,0,1707560765421309199,1707560765317875839,0,0,1707560765327377135,1707560765327392859,1707560765421321520,1707560765424435341,1707560765425240670,1707560765425243019,1707560765446785459,1707560765446795328,0,0,1707560765446860878,1707560765446869591,0,0,1707560765447011210,1707560765447083627,1707560765447301855,1707560765448006720,1707560765448867833,1707560765448868469,1707560765448942576,1707560765327396233,0,0,1707560765332060052,1707560765338792741,1707560765449115547
167772190,0,1707560765272643442,1707560765291142489,0,0,1707560765401086215,0,0,1707560765431634560,1707560765317130149,0,0,1707560765321568151,1707560765321593140,1707560765431655664,1707560765434899913,1707560765435826389,1707560765435828025,1707560765453355910,1707560765453365592,0,0,1707560765453425226,1707560765453433953,0,0,1707560765453556108,1707560765453645873,1707560765453866742,1707560765454558605,1707560765456365629,1707560765456366733,1707560765457203221,1707560765321597329,0,0,1707560765330051904,1707560765332435764,1707560765457372556
167772191,0,1707560765269393750,1707560765288083931,0,0,1707560765312481620,0,0,1707560765337562453,1707560765296719204,0,0,1707560765297591996,1707560765297613085,1707560765337589203,1707560765340814714,1707560765344969395,1707560765344980071,1707560765364107774,1707560765364118778,0,0,1707560765364210172,1707560765364223382,0,0,1707560765365119478,1707560765365284962,1707560765365521512,1707560765366359465,1707560765368684274,1707560765368686182,1707560765371697952,1707560765297616432,0,0,1707560765297983641,1707560765299635707,1707560765372018068
167772192,0,1707560765269644207,1707560765280577313,0,0,1707560765296939095,0,0,1707560765338947867,1707560765281528757,0,0,1707560765284456978,1707560765284489843,1707560765338974961,1707560765342183020,1707560765344772343,1707560765344782355,1707560765357463282,1707560765357475178,0,0,1707560765357576592,1707560765357587359,0,0,1707560765357730630,1707560765357852643,1707560765358034692,1707560765359267857,1707560765360420297,1707560765360421686,1707560765362319505,1707560765284493850,0,0,1707560765285312137,1707560765287099969,1707560765362556483
167772193,0,1707560765272303018,1707560765290942097,0,0,1707560765402082473,0,0,1707560765435827910,1707560765317084452,0,0,1707560765321335297,1707560765321362804,1707560765435838740,1707560765438918987,1707560765440898564,1707560765440902263,1707560765456399465,1707560765456409314,0,0,1707560765456467430,1707560765456475245,0,0,1707560765456582040,1707560765456646886,1707560765456862296,1707560765457579093,1707560765459378199,1707560765459379482,1707560765460171722,1707560765321365883,0,0,1707560765325109264,1707560765326464880,1707560765460484970
167772194,0,1707560765276095964,1707560765298388290,0,0,1707560765364962526,0,0,1707560765392521282,1707560765301788584,0,0,1707560765321347690,1707560765321372215,1707560765392534621,1707560765395673688,1707560765397672842,1707560765397675679,1707560765420005499,1707560765420016268,0,0,1707560765420087425,1707560765420097120,0,0,1707560765420241702,1707560765420328174,1707560765420559640,1707560765421308533,1707560765423210669,1707560765423212227,1707560765425655002,1707560765321375981,0,0,1707560765330183720,1707560765335432856,1707560765425952212
167772195,0,1707560765283567615,1707560765284838959,0,0,1707560765327180261,0,0,1707560765338126492,1707560765295330305,0,0,1707560765300457364,1707560765300482786,1707560765338146659,1707560765341292694,1707560765344879270,1707560765344888155,1707560765359248286,1707560765359260292,0,0,1707560765359322028,1707560765359351257,0,0,1707560765359568146,1707560765359756039,1707560765359956223,1707560765360674764,1707560765361681629,1707560765361683373,1707560765364125384,1707560765300485965,0,0,1707560765302827436,1707560765304296844,1707560765364355847
167772196,0,1707560765274094164,1707560765293235632,0,0,1707560765348976957,0,0,1707560765370428688,1707560765293925605,0,0,1707560765298121114,1707560765298142758,1707560765370444956,1707560765373562446,1707560765374990509,1707560765374997267,1707560765402539733,1707560765402554449,0,0,1707560765402714762,1707560765402730909,0,0,1707560765403221098,1707560765403419267,1707560765403621028,1707560765404161209,1707560765404951759,1707560765404952755,1707560765406362629,1707560765298146672,0,0,1707560765306399137,1707560765307969759,1707560765406705400
167772197,0,1707560765274356895,1707560765298231921,0,0,1707560765330935665,0,0,1707560765338624566,1707560765300899650,0,0,1707560765309648975,1707560765309672296,1707560765338645558,1707560765341808332,1707560765342982894,1707560765342989751,1707560765348563773,1707560765348577652,0,0,1707560765348660464,1707560765348671245,0,0,1707560765348780517,1707560765348870913,1707560765349064296,1707560765350758938,1707560765351706408,1707560765351707541,1707560765354131641,1707560765309675721,0,0,1707560765321984674,1707560765325351883,1707560765354330217
167772198,0,1707560765287631970,1707560765299036681,0,0,1707560765384883103,0,0,1707560765414681388,1707560765309305466,0,0,1707560765321115258,1707560765321144091,1707560765414693760,1707560765417827661,1707560765418620851,1707560765418622008,1707560765438578497,1707560765438587031,0,0,1707560765438717890,1707560765438728549,0,0,1707560765438863432,1707560765438952792,1707560765439140350,1707560765440507044,1707560765441706837,1707560765441707618,1707560765442594411,1707560765321148178,0,0,1707560765329914653,1707560765334650828,1707560765442773227
167772199,0,1707560765280203854,1707560765282942746,0,0,1707560765343335308,0,0,1707560765358598552,1707560765286225698,0,0,1707560765298635984,1707560765298662608,1707560765358608502,1707560765361832557,1707560765362825848,1707560765362827931,1707560765394376477,1707560765394387034,0,0,1707560765394510441,1707560765394522906,0,0,1707560765394695426,1707560765394845555,1707560765394994912,1707560765396332237,1707560765397114459,1707560765397115292,1707560765398719971,1707560765298667245,0,0,1707560765309071736,1707560765319997700,1707560765398904818
167772200,0,1707560765285768096,1707560765286911137,0,0,1707560765353528157,0,0,1707560765373766268,1707560765296704117,0,0,1707560765303992790,1707560765304029388,1707560765373776095,1707560765376898043,1707560765377768095,1707560765377770986,1707560765405357053,1707560765405365056,0,0,1707560765405481886,1707560765405493950,0,0,1707560765405600998,1707560765405743359,1707560765405887559,1707560765406443684,1707560765407427682,1707560765407429020,1707560765409231302,1707560765304034708,0,0,1707560765311172498,1707560765312604298,1707560765409542412
167772201,0,1707560765287805294,1707560765299764972,0,0,1707560765402637749,0,0,1707560765436993073,1707560765307989635,0,0,1707560765315181912,1707560765315229356,1707560765437006789,1707560765440170312,1707560765441384968,1707560765441387120,1707560765457705697,1707560765457714623,0,0,1707560765457778812,1707560765457787497,0,0,1707560765457901326,1707560765458026598,1707560765458143108,1707560765459465607,1707560765460086711,1707560765460087335,1707560765460322674,1707560765315234841,0,0,1707560765323604545,1707560765324956970,1707560765460525758
167772202,0,1707560765288761809,1707560765291210838,0,0,1707560765347452789,0,0,1707560765366365753,1707560765317516332,0,0,1707560765322662947,1707560765322699683,1707560765366381938,1707560765369523313,1707560765370954415,1707560765370959388,1707560765399729958,1707560765399740003,0,0,1707560765399839897,1707560765399849615,0,0,1707560765399977229,1707560765400059920,1707560765400309187,1707560765400918336,1707560765401856949,1707560765401858434,1707560765402498415,1707560765322704826,0,0,1707560765330048559,1707560765333452188,1707560765402821799
167772203,0,1707560765284379060,1707560765285612478,0,0,1707560765361407282,0,0,1707560765385471170,1707560765295393210,0,0,1707560765298456899,1707560765298492724,1707560765385484282,1707560765388645929,1707560765390595149,1707560765390602252,1707560765414680055,1707560765414688594,0,0,1707560765414755502,1707560765414766228,0,0,1707560765414898200,1707560765414986608,1707560765415122619,1707560765415570964,1707560765416332348,1707560765416333059,1707560765418064868,1707560765298496787,0,0,1707560765301422386,1707560765302714579,1707560765418263968
167772204,0,1707560765289698710,1707560765291157493,0,0,1707560765334433245,0,0,1707560765346295850,1707560765317294160,0,0,1707560765325015441,1707560765325035688,1707560765346312417,1707560765349416359,1707560765350477352,1707560765350481283,1707560765380024581,1707560765380036265,0,0,1707560765380143447,1707560765380152574,0,0,1707560765380318773,1707560765380419618,1707560765380693955,1707560765381539007,1707560765383497724,1707560765383499137,1707560765387402763,1707560765325038441,0,0,1707560765332473540,1707560765335556776,1707560765387780131
167772205,0,1707560765283158127,1707560765284385620,0,0,1707560765345149835,0,0,1707560765364121741,1707560765287467453,0,0,1707560765287783999,1707560765287812578,1707560765364136795,1707560765367313147,1707560765368428142,1707560765368432006,1707560765397804002,1707560765397811452,0,0,1707560765397888338,1707560765397899116,0,0,1707560765398029831,1707560765398115089,1707560765398252131,1707560765399765378,1707560765400674726,1707560765400675596,1707560765401948598,1707560765287816198,0,0,1707560765288122569,1707560765289883263,1707560765402171401
167772206,0,1707560765289763744,1707560765291792106,0,0,1707560765339186348,0,0,1707560765352869208,1707560765318572362,0,0,1707560765321365652,1707560765321387045,1707560765352879857,1707560765356035019,1707560765357050175,1707560765357057274,1707560765388030252,1707560765388046434,0,0,1707560765388181701,1707560765388199192,0,0,1707560765388386110,1707560765388527383,1707560765388793567,1707560765389595320,1707560765391099816,1707560765391101518,1707560765394359944,1707560765321390975,0,0,1707560765325147269,1707560765326460681,1707560765394705715
167772207,0,1707560765282855330,1707560765283789046,0,0,1707560765331166466,0,0,1707560765339978202,1707560765284494560,0,0,1707560765299138345,1707560765299158702,1707560765339993497,1707560765344616850,1707560765345627098,1707560765345634973,1707560765368722013,1707560765368734386,0,0,1707560765368853819,1707560765368867738,0,0,1707560765369031156,1707560765369188298,1707560765369501974,1707560765370439287,1707560765372361178,1707560765372362532,1707560765375758074,1707560765299161681,0,0,1707560765304064557,1707560765305655517,1707560765375981241
167772208,0,1707560765282701464,1707560765283516006,0,0,1707560765368855037,0,0,1707560765397819518,1707560765287913054,0,0,1707560765289924184,1707560765289960768,1707560765397832564,1707560765400944262,1707560765402216177,1707560765402221269,1707560765423248031,1707560765423258857,0,0,1707560765423335587,1707560765423345589,0,0,1707560765423471679,1707560765423562643,1707560765423795894,1707560765424522336,1707560765426382441,1707560765426383538,1707560765428643299,1707560765289964998,0,0,1707560765290399384,1707560765291891412,1707560765428924927
167772209,0,1707560765283083769,1707560765283993588,0,0,1707560765326298386,0,0,1707560765337914591,1707560765285256319,0,0,1707560765301224827,1707560765301250692,1707560765337934942,1707560765341850856,1707560765343211654,1707560765343225381,1707560765351746166,1707560765351755884,0,0,1707560765351834592,1707560765351843137,0,0,1707560765351960079,1707560765352094027,1707560765352270444,1707560765352810668,1707560765354079488,1707560765354081122,1707560765354316249,1707560765301254671,0,0,1707560765308568310,1707560765321245859,1707560765354536635
167772210,0,1707560765282381221,1707560765283318396,0,0,1707560765369722922,0,0,1707560765397800994,1707560765287821448,0,0,1707560765297970240,1707560765297990648,1707560765397814451,1707560765400952052,1707560765403147009,1707560765403156749,1707560765424558268,1707560765424568833,0,0,1707560765424650365,1707560765424660536,0,0,1707560765424791902,1707560765424877361,1707560765425026763,1707560765426415240,1707560765427293070,1707560765427293930,1707560765428655738,1707560765297994992,0,0,1707560765302138823,1707560765316687858,1707560765428928474
167772211,0,1707560765283035054,1707560765284002855,0,0,1707560765364614472,0,0,1707560765392508139,1707560765285927235,0,0,1707560765296134818,1707560765296164072,1707560765392526887,1707560765395658108,1707560765397663878,1707560765397667333,1707560765418057047,1707560765418066169,0,0,1707560765418151479,1707560765418163037,0,0,1707560765418303033,1707560765418391665,1707560765418600059,1707560765420039799,1707560765420809285,1707560765420810013,1707560765422521936,1707560765296169219,0,0,1707560765296414687,1707560765300655147,1707560765422824905
167772212,0,1707560765282962008,1707560765299596227,0,0,1707560765391941472,0,0,1707560765427842902,1707560765306491877,0,0,1707560765319036101,1707560765319069430,1707560765427863013,1707560765430947201,1707560765432857125,1707560765432859587,1707560765450422458,1707560765450432628,0,0,1707560765450504609,1707560765450513726,0,0,1707560765450625596,1707560765450771680,1707560765450930174,1707560765452306806,1707560765453057139,1707560765453057949,1707560765453257385,1707560765319074280,0,0,1707560765323919580,1707560765325238287,1707560765453580780
167772213,0,1707560765285435921,1707560765286637804,0,0,1707560765374265787,0,0,1707560765405334822,1707560765296254895,0,0,1707560765297594048,1707560765297613237,1707560765405348221,1707560765408481452,1707560765410559814,1707560765410563213,1707560765429610392,1707560765429621072,0,0,1707560765429695161,1707560765429704640,0,0,1707560765429819896,1707560765429895086,1707560765430127906,1707560765430620181,1707560765431309704,1707560765431310414,1707560765431647327,1707560765297616493,0,0,1707560765300298534,1707560765301618928,1707560765431837159
167772214,0,1707560765283589862,1707560765284734984,0,0,1707560765343237976,0,0,1707560765360556772,1707560765290593530,0,0,1707560765297839158,1707560765297858934,1707560765360571949,1707560765363901380,1707560765365149911,1707560765365157027,1707560765396330939,1707560765396341815,0,0,1707560765396431017,1707560765396442658,0,0,1707560765396603513,1707560765396735404,1707560765396981811,1707560765397785252,1707560765399700042,1707560765399701290,1707560765401936706,1707560765297862091,0,0,1707560765306360779,1707560765307723429,1707560765402276733
167772215,0,1707560765296538371,1707560765309083670,0,0,1707560765378598121,0,0,1707560765407928423,1707560765319093603,0,0,1707560765325253225,1707560765325274760,1707560765407938919,1707560765411058656,1707560765411856723,1707560765411858837,1707560765431632735,1707560765431642620,0,0,1707560765431700514,1707560765431709271,0,0,1707560765431829433,1707560765431904905,1707560765432107610,1707560765433690247,1707560765434899977,1707560765434901203,1707560765437171841,1707560765325280006,0,0,1707560765331201806,1707560765332312912,1707560765437403754
167772216,0,1707560765301875174,1707560765303011443,0,0,1707560765327397481,0,0,1707560765338234195,1707560765304354715,0,0,1707560765313354320,1707560765313381395,1707560765338249159,1707560765342608827,1707560765345898014,1707560765345907328,1707560765370450498,1707560765370463175,0,0,1707560765370584869,1707560765370599056,0,0,1707560765370762383,1707560765370921110,1707560765371116171,1707560765372401112,1707560765373447253,1707560765373448320,1707560765375772638,1707560765313386103,0,0,1707560765323374160,1707560765324923937,1707560765375981482
167772217,0,1707560765309908894,1707560765310822530,0,0,1707560765364135235,0,0,1707560765389606984,1707560765314524121,0,0,1707560765322890787,1707560765322917612,1707560765389619621,1707560765392994174,1707560765394027546,1707560765394032954,1707560765416515452,1707560765416522542,0,0,1707560765416623112,1707560765416635352,0,0,1707560765416860582,1707560765417007685,1707560765417265789,1707560765418049110,1707560765419966229,1707560765419967549,1707560765422590607,1707560765322921045,0,0,1707560765330301626,1707560765332832099,1707560765422887004
167772218,0,1707560765296755915,1707560765299117953,0,0,1707560765356699369,0,0,1707560765380011434,1707560765302789651,0,0,1707560765316574204,1707560765316602604,1707560765380026399,1707560765383186816,1707560765384375678,1707560765384381167,1707560765409177918,1707560765409185617,0,0,1707560765409284118,1707560765409295732,0,0,1707560765409438638,1707560765409558494,1707560765409712732,1707560765410154651,1707560765410920804,1707560765410921520,1707560765412877764,1707560765316607490,0,0,1707560765323569715,1707560765325252998,1707560765413170061
167772219,0,1707560765302741065,1707560765322324172,0,0,1707560765339132157,0,0,1707560765351774805,1707560765323703931,0,0,1707560765325123488,1707560765325139705,1707560765351785899,1707560765355014973,1707560765357244028,1707560765357250354,1707560765389601382,1707560765389609928,0,0,1707560765389719064,1707560765389730636,0,0,1707560765389861517,1707560765389978893,1707560765390217184,1707560765391135834,1707560765392329254,1707560765392331609,1707560765394370246,1707560765325142805,0,0,1707560765330649909,1707560765331901064,1707560765394701371
167772220,0,1707560765317956014,1707560765319242381,0,0,1707560765332931025,0,0,1707560765344586414,1707560765321103510,0,0,1707560765329674533,1707560765329702568,1707560765344599374,1707560765347727822,1707560765349006236,1707560765349011458,1707560765377279847,1707560765377290873,0,0,1707560765377458191,1707560765377472828,0,0,1707560765377684938,1707560765377827558,1707560765378062170,1707560765378643094,1707560765379774617,1707560765379776231,1707560765381584920,1707560765329706612,0,0,1707560765330883582,1707560765332205565,1707560765381833294
167772221,0,1707560765306383687,1707560765322178642,0,0,1707560765338987495,0,0,1707560765351865351,1707560765322999983,0,0,1707560765324366067,1707560765324382531,1707560765351875167,1707560765354986960,1707560765356208393,1707560765356213391,1707560765385708998,1707560765385725057,0,0,1707560765385857826,1707560765385874202,0,0,1707560765386050899,1707560765386190756,1707560765386455301,1707560765388034010,1707560765388830312,1707560765388831374,1707560765391008011,1707560765324385292,0,0,1707560765334334030,1707560765336494150,1707560765391362628
167772222,0,1707560765305503855,1707560765310778484,0,0,1707560765387136364,0,0,1707560765418042082,1707560765316677747,0,0,1707560765321401334,1707560765321420282,1707560765418053646,1707560765421177760,1707560765422006828,1707560765422008639,1707560765443639611,1707560765443651053,0,0,1707560765443734059,1707560765443743519,0,0,1707560765443863371,1707560765443937486,1707560765444158644,1707560765444902051,1707560765446753712,1707560765446754967,1707560765447799262,1707560765321423531,0,0,1707560765328412969,1707560765329681899,1707560765447990228
167772223,0,1707560765305676177,1707560765313316254,0,0,1707560765401245221,0,0,1707560765434631690,1707560765320070331,0,0,1707560765326019572,1707560765326048600,1707560765434642042,1707560765437734264,1707560765438888586,1707560765438891354,1707560765454662729,1707560765454672505,0,0,1707560765454738612,1707560765454747017,0,0,1707560765454856208,1707560765454964675,1707560765455113409,1707560765456450258,1707560765457113346,1707560765457114009,1707560765457239692,1707560765326052536,0,0,1707560765330702736,1707560765334235392,1707560765457438730
167772224,0,1707560765305827440,1707560765313307128,0,0,1707560765340873583,0,0,1707560765354359655,1707560765320699161,0,0,1707560765326836297,1707560765326857060,1707560765354372489,1707560765357496953,1707560765358288738,1707560765358290416,1707560765391131845,1707560765391142747,0,0,1707560765391276397,1707560765391292468,0,0,1707560765391491916,1707560765391654019,1707560765391862049,1707560765392515981,1707560765393431901,1707560765393433227,1707560765395472239,1707560765326859720,0,0,1707560765330549128,1707560765335680590,1707560765395666945
167772225,0,1707560765309592751,1707560765310691772,0,0,1707560765356147912,0,0,1707560765377278740,1707560765312798430,0,0,1707560765321282992,1707560765321308122,1707560765377293146,1707560765380453641,1707560765381573199,1707560765381577486,1707560765407898707,1707560765407911007,0,0,1707560765408110946,1707560765408125838,0,0,1707560765408285399,1707560765408419960,1707560765408607546,1707560765409162888,1707560765410101190,1707560765410102133,1707560765411690529,1707560765321311871,0,0,1707560765330284403,1707560765334184473,1707560765411893326
167772226,0,1707560765310453936,1707560765311538712,0,0,1707560765359173882,0,0,1707560765381534099,1707560765313586019,0,0,1707560765320881668,1707560765320929067,1707560765381551833,1707560765384849529,1707560765386014377,1707560765386018250,1707560765410234383,1707560765410245462,0,0,1707560765410340668,1707560765410353353,0,0,1707560765410512392,1707560765410621567,1707560765410865969,1707560765411672865,1707560765413636817,1707560765413637995,1707560765415616117,1707560765320934801,0,0,1707560765328156651,1707560765329451851,1707560765415910369
167772227,0,1707560765329949534,1707560765333358802,0,0,1707560765347672310,0,0,1707560765367806692,1707560765335529304,0,0,1707560765335762077,1707560765335780864,1707560765367818660,1707560765370920215,1707560765372891175,1707560765372893940,1707560765401102324,1707560765401112781,0,0,1707560765401189775,1707560765401201053,0,0,1707560765401414712,1707560765401523896,1707560765401776329,1707560765402481791,1707560765403990173,1707560765403991778,1707560765405406800,1707560765335784000,0,0,1707560765336089541,1707560765338399026,1707560765405743952
167772228,0,1707560765326348259,1707560765328930106,0,0,1707560765403299515,0,0,1707560765438566663,1707560765329642950,0,0,1707560765335781323,1707560765335799147,1707560765438581547,1707560765441698096,1707560765442391681,1707560765442393053,1707560765459411994,1707560765459422663,0,0,1707560765459482108,1707560765459490000,0,0,1707560765459596607,1707560765459662780,1707560765459878929,1707560765460587611,1707560765462385137,1707560765462386157,1707560765463243886,1707560765335801617,0,0,1707560765337897186,1707560765341667156,1707560765463476386
167772229,0,1707560765317586692,1707560765318858735,0,0,1707560765390496151,0,0,1707560765421319865,1707560765324199981,0,0,1707560765330066310,1707560765330083428,1707560765421331772,1707560765424413967,1707560765426293655,1707560765426296957,1707560765448016420,1707560765448025933,0,0,1707560765448083378,1707560765448091857,0,0,1707560765448204767,1707560765448274038,1707560765448489937,1707560765449168383,1707560765450053871,1707560765450054585,1707560765450104708,1707560765330085785,0,0,1707560765335833513,1707560765337070210,1707560765450376852
167772230,0,1707560765312494082,1707560765314493858,0,0,1707560765377399908,0,0,1707560765407879606,1707560765316198259,0,0,1707560765323867368,1707560765323894435,1707560765407893235,1707560765411029620,1707560765412008064,1707560765412009930,1707560765433690491,1707560765433699112,0,0,1707560765433757415,1707560765433766136,0,0,1707560765433880563,1707560765433949374,1707560765434076914,1707560765434977131,1707560765435863319,1707560765435864348,1707560765438018738,1707560765323898035,0,0,1707560765330913109,1707560765332082156,1707560765438245876
167772231,0,1707560765310106161,1707560765311069237,0,0,1707560765406422463,0,0,1707560765442733290,1707560765314161905,0,0,1707560765321305201,1707560765321328939,1707560765442747735,1707560765445813860,1707560765446618791,1707560765446619927,1707560765462418138,1707560765462427994,0,0,1707560765462488691,1707560765462496715,0,0,1707560765462603582,1707560765462669802,1707560765462885273,1707560765463605874,1707560765464276794,1707560765464277425,1707560765464434841,1707560765321332848,0,0,1707560765327129774,1707560765329657751,1707560765464593378
167772232,0,1707560765317172074,1707560765318480697,0,0,1707560765386961338,0,0,1707560765416511282,1707560765322006482,0,0,1707560765328330464,1707560765328351940,1707560765416524331,1707560765419637283,1707560765420639405,1707560765420642022,1707560765441748835,1707560765441755867,0,0,1707560765441815533,1707560765441824874,0,0,1707560765441937637,1707560765442013228,1707560765442141418,1707560765443642422,1707560765444462272,1707560765444463048,1707560765445803778,1707560765328355778,0,0,1707560765332281155,1707560765333504133,1707560765446088625
167772233,0,1707560765313452296,1707560765314711908,0,0,1707560765383218389,0,0,1707560765411709345,1707560765321954633,0,0,1707560765324344962,1707560765324363244,1707560765411728443,1707560765414928623,1707560765417064859,1707560765417070427,1707560765435883870,1707560765435897571,0,0,1707560765436029276,1707560765436037566,0,0,1707560765436147422,1707560765436242408,1707560765436410516,1707560765436939577,1707560765437945546,1707560765437946590,1707560765438609410,1707560765324366498,0,0,1707560765332192276,1707560765333328103,1707560765438810486
167772234,0,1707560765329233970,1707560765330371259,0,0,1707560765359868208,0,0,1707560765382495865,1707560765335805445,0,0,1707560765336506667,1707560765336525544,1707560765382507604,1707560765385609777,1707560765387399276,1707560765387404302,1707560765411677442,1707560765411686203,0,0,1707560765411761395,1707560765411772488,0,0,1707560765411912543,1707560765412001424,1707560765412204211,1707560765413672130,1707560765414441089,1707560765414441922,1707560765415596483,1707560765336528647,0,0,1707560765344812930,1707560765346214662,1707560765415894486
167772235,0,1707560765326320914,1707560765329059781,0,0,1707560765387456570,0,0,1707560765419258549,1707560765336091757,0,0,1707560765336388808,1707560765336408599,1707560765419269485,1707560765422382707,1707560765423373536,1707560765423375615,1707560765444950246,1707560765444957529,0,0,1707560765445016869,1707560765445025971,0,0,1707560765445136961,1707560765445206287,1707560765445330172,1707560765446783079,1707560765447583481,1707560765447584214,1707560765447805132,1707560765336411657,0,0,1707560765336944762,1707560765338556687,1707560765448051083
167772236,0,1707560765318143345,1707560765319457647,0,0,1707560765367166266,0,0,1707560765395497994,1707560765329590460,0,0,1707560765334228552,1707560765334248290,1707560765395509657,1707560765398631392,1707560765399597592,1707560765399598939,1707560765421318233,1707560765421329270,0,0,1707560765421439136,1707560765421450212,0,0,1707560765421653807,1707560765421762133,1707560765421954080,1707560765423288801,1707560765424208457,1707560765424209404,1707560765425549185,1707560765334251700,0,0,1707560765338161814,1707560765341814902,1707560765425786072
167772237,0,1707560765333242426,1707560765334927600,0,0,1707560765384422886,0,0,1707560765414705866,1707560765338511486,0,0,1707560765340615985,1707560765340640189,1707560765414715888,1707560765417839663,1707560765418806178,1707560765418808097,1707560765440505830,1707560765440516033,0,0,1707560765440586594,1707560765440595807,0,0,1707560765440713696,1707560765440791953,1707560765441010689,1707560765441738437,1707560765443599167,1707560765443600777,1707560765445898352,1707560765340643598,0,0,1707560765341907644,1707560765343071390,1707560765446126895
167772238,0,1707560765329346084,1707560765336300474,0,0,1707560765352860617,0,0,1707560765373751792,1707560765336860140,0,0,1707560765341061146,1707560765341077634,1707560765373765087,1707560765376904533,1707560765379020982,1707560765379027258,1707560765406442754,1707560765406452949,0,0,1707560765406505370,1707560765406513430,0,0,1707560765406737888,1707560765406945424,1707560765407253504,1707560765407885989,1707560765408683818,1707560765408684890,1707560765410172000,1707560765341080988,0,0,1707560765342144931,1707560765345383911,1707560765410505968
167772239,0,1707560765336266710,1707560765339114059,0,0,1707560765376322817,0,0,1707560765406459535,1707560765341543908,0,0,1707560765344767864,1707560765344789022,1707560765406474145,1707560765409565037,1707560765410581545,1707560765410583659,1707560765430623015,1707560765430633243,0,0,1707560765430734365,1707560765430743680,0,0,1707560765430864261,1707560765430939457,1707560765431096113,1707560765431620529,1707560765433662311,1707560765433663430,1707560765435931977,1707560765344792074,0,0,1707560765345450662,1707560765346824577,1707560765436127743
167772240,0,1707560765330914533,1707560765337923699,0,0,1707560765384360994,0,0,1707560765412820246,1707560765339702026,0,0,1707560765340879451,1707560765340891923,1707560765412832553,1707560765415932188,1707560765417964891,1707560765417968723,1707560765437107087,1707560765437119811,0,0,1707560765437281410,1707560765437292140,0,0,1707560765437481923,1707560765437574592,1707560765437807426,1707560765438558828,1707560765440473138,1707560765440474602,1707560765442598895,1707560765340894560,0,0,1707560765342292511,1707560765343624159,1707560765442877072
167772241,0,1707560765335502750,1707560765336497664,0,0,1707560765392482189,0,0,1707560765430633637,1707560765337938031,0,0,1707560765338670442,1707560765338695637,1707560765430646918,1707560765433742899,1707560765435001432,1707560765435002859,1707560765452190192,1707560765452199588,0,0,1707560765452260819,1707560765452269009,0,0,1707560765452375718,1707560765452443719,1707560765452658011,1707560765453344918,1707560765454056923,1707560765454057511,1707560765454095893,1707560765338699164,0,0,1707560765339229279,1707560765341168311,1707560765454292253
167772242,0,1707560765335100377,1707560765336356717,0,0,1707560765380292930,0,0,1707560765410162981,1707560765341279162,0,0,1707560765345623812,1707560765345642878,1707560765410175977,1707560765413285006,1707560765414364290,1707560765414368733,1707560765434934108,1707560765434945046,0,0,1707560765435052423,1707560765435063721,0,0,1707560765435177087,1707560765435242842,1707560765435368221,1707560765435894356,1707560765436832274,1707560765436833508,1707560765438022814,1707560765345646277,0,0,1707560765346120311,1707560765347027333,1707560765438313674
167772243,0,1707560765331304627,1707560765332276938,0,0,1707560765412756615,0,0,1707560765444987890,1707560765332706442,0,0,1707560765339256485,1707560765339279981,1707560765445002372,1707560765448127460,1707560765449948144,1707560765449950912,1707560765463636804,1707560765463644722,0,0,1707560765463708147,1707560765463718425,0,0,1707560765463829705,1707560765463938463,1707560765464165011,1707560765464860767,1707560765466658545,1707560765466659627,1707560765466727897,1707560765339283501,0,0,1707560765341310214,1707560765342520484,1707560765466971879
167772244,0,1707560765317757201,1707560765318821083,0,0,1707560765416364460,0,0,1707560765447772950,1707560765319877097,0,0,1707560765328735157,1707560765328759101,1707560765447787952,1707560765450931313,1707560765451866573,1707560765451867991,1707560765464958482,1707560765464967216,0,0,1707560765465025346,1707560765465033867,0,0,1707560765465140522,1707560765465207929,1707560765465322880,1707560765466734709,1707560765467413077,1707560765467413778,1707560765467830803,1707560765328763347,0,0,1707560765331356925,1707560765335515586,1707560765468021254
167772245,0,1707560765318480574,1707560765319930513,0,0,1707560765391506067,0,0,1707560765424532987,1707560765324384077,0,0,1707560765325187823,1707560765325203172,1707560765424545272,1707560765427702327,1707560765428367497,1707560765428368505,1707560765449180063,1707560765449188974,0,0,1707560765449244694,1707560765449253000,0,0,1707560765449362517,1707560765449430365,1707560765449646998,1707560765450364453,1707560765452161691,1707560765452162750,1707560765453177572,1707560765325206136,0,0,1707560765332196163,1707560765334750752,1707560765453352012
