HOST,PUBLISHER_APP_INITIALIZATION,SUBSCRIBER_APP_INITIALIZATION_START,SUBSCRIBER_APP_INITIALIZATION_END,GENERATE_OFFER_NONCE_START,GENERATE_OFFER_NONCE_END,FIND_SEND,FIND_RECEIVE,OFFER_SEND,OFFER_RECEIVE,SVCB_SERVICE_REQUEST_SEND,SVCB_SERVICE_REQUEST_RECEIVE,SVCB_SERVICE_RESPONSE_SEND,SVCB_SERVICE_RESPONSE_RECEIVE,VALIDATE_OFFER_START,VALIDATE_OFFER_END,CLIENT_SIGN_START,CLIENT_SIGN_END,SUBSCRIBE_SEND,SUBSCRIBE_RECEIVE,SVCB_CLIENT_REQUEST_SEND,SVCB_CLIENT_REQUEST_RECEIVE,SVCB_CLIENT_RESPONSE_SEND,SVCB_CLIENT_RESPONSE_RECEIVE,TLSA_CLIENT_REQUEST_SEND,TLSA_CLIENT_REQUEST_RECEIVE,TLSA_CLIENT_RESPONSE_SEND,TLSA_CLIENT_RESPONSE_RECEIVE,VERIFY_CLIENT_SIGNATURE_START,VERIFY_CLIENT_SIGNATURE_END,SERVICE_SIGN_START,SERVICE_SIGN_END,SUBSCRIBE_ACK_SEND,SUBSCRIBE_ACK_RECEIVE,TLSA_SERVICE_REQUEST_SEND,TLSA_SERVICE_REQUEST_RECEIVE,TLSA_SERVICE_RESPONSE_SEND,TLSA_SERVICE_RESPONSE_RECEIVE,VERIFY_SERVICE_SIGNATURE_START,VERIFY_SERVICE_SIGNATURE_END
167772162,0,1711019917569773708,1711019917571051536,0,0,1711019918072539859,0,0,1711019918088604782,1711019917571314913,0,0,1711019917571696725,1711019917571716070,1711019918088618811,1711019918091720660,1711019918092554132,1711019918092556266,1711019918092603180,0,0,0,0,1711019918092622612,0,0,1711019918093269739,1711019918094898086,1711019918095119130,1711019918095561900,1711019918096356140,1711019918096357488,1711019918112584438,1711019917571719536,0,0,1711019917572047656,1711019917573469715,1711019918112777939
